0.000 0.000 0.000 0.000
5.000 0.000 0.000 0.000
10.000 0.000 0.000 0.000
15.000 0.000 0.000 0.000
20.000 0.000 0.000 0.000
25.000 0.000 0.000 0.000
30.000 0.000 0.000 0.000
35.000 0.000 0.000 0.000
40.000 0.000 0.000 0.000
45.000 0.000 0.000 0.000
50.000 0.000 0.000 0.000
55.000 0.000 0.000 0.000
60.000 0.000 0.000 0.000
65.000 0.000 0.000 0.000
70.000 0.000 0.000 0.000
75.000 0.000 0.000 0.000
80.000 0.000 0.000 0.000
85.000 0.000 0.000 0.000
90.000 0.000 0.000 0.000
95.000 0.000 0.000 0.000
100.000 0.000 0.000 0.000
105.000 0.000 0.000 0.000
110.000 0.000 0.000 0.000
115.000 0.000 0.000 0.000
120.000 0.000 0.000 0.000
125.000 0.000 0.000 0.000
130.000 0.000 0.000 0.000
135.000 0.000 0.000 0.000
140.000 0.000 0.000 0.000
145.000 0.000 0.000 0.000
150.000 0.000 0.000 0.000
155.000 0.000 0.000 0.000
160.000 0.000 0.000 0.000
165.000 0.000 0.000 0.000
170.000 0.000 0.000 0.000
175.000 0.000 0.000 0.000
180.000 0.000 0.000 0.000
185.000 0.000 0.000 0.000
190.000 0.000 0.000 0.000
195.000 0.000 0.000 0.000
200.000 0.000 0.000 0.000
205.000 0.000 0.000 0.000
210.000 0.000 0.000 0.000
215.000 0.000 0.000 0.000
220.000 0.000 0.000 0.000
225.000 0.000 0.000 0.000
230.000 0.000 0.000 0.000
235.000 0.000 0.000 0.000
240.000 0.000 0.000 0.000
245.000 0.000 0.000 0.000
250.000 0.001 0.000 0.000
255.000 0.001 0.000 0.000
260.000 0.001 0.000 0.000
265.000 0.001 0.001 0.000
270.000 0.001 0.001 0.001
275.000 0.001 0.001 0.001
280.000 0.001 0.001 0.001
285.000 0.001 0.001 0.001
290.000 0.001 0.001 0.001
295.000 0.001 0.001 0.001
300.000 0.001 0.001 0.001
305.000 0.001 0.001 0.001
310.000 0.001 0.001 0.001
315.000 0.001 0.001 0.001
320.000 0.001 0.001 0.001
325.000 0.001 0.001 0.001
330.000 0.001 0.001 0.001
335.000 0.001 0.001 0.001
340.000 0.001 0.001 0.001
345.000 0.001 0.001 0.001
350.000 0.001 0.001 0.001
355.000 0.001 0.001 0.001
360.000 0.001 0.001 0.001
365.000 0.001 0.001 0.001
370.000 0.001 0.001 0.001
375.000 0.001 0.001 0.001
380.000 0.001 0.001 0.001
385.000 0.001 0.001 0.001
390.000 0.001 0.001 0.001
395.000 0.001 0.001 0.001
400.000 0.001 0.001 0.001
405.000 0.001 0.001 0.001
410.000 0.001 0.001 0.001
415.000 0.001 0.001 0.001
420.000 0.001 0.001 0.001
425.000 0.001 0.001 0.001
430.000 0.001 0.001 0.001
435.000 0.001 0.001 0.001
440.000 0.001 0.001 0.001
445.000 0.001 0.001 0.001
450.000 0.001 0.001 0.001
455.000 0.001 0.001 0.001
460.000 0.001 0.001 0.001
465.000 0.001 0.001 0.001
470.000 0.001 0.001 0.001
475.000 0.001 0.001 0.001
480.000 0.001 0.001 0.001
485.000 0.001 0.001 0.001
490.000 0.001 0.001 0.001
495.000 0.001 0.001 0.001
500.000 0.001 0.001 0.001
505.000 0.002 0.001 0.001
510.000 0.002 0.001 0.001
515.000 0.002 0.001 0.001
520.000 0.002 0.001 0.001
525.000 0.002 0.001 0.001
530.000 0.002 0.001 0.001
535.000 0.002 0.001 0.001
540.000 0.002 0.001 0.001
545.000 0.002 0.001 0.001
550.000 0.002 0.001 0.001
555.000 0.002 0.001 0.001
560.000 0.002 0.001 0.001
565.000 0.002 0.001 0.001
570.000 0.002 0.001 0.001
575.000 0.002 0.001 0.001
580.000 0.002 0.001 0.001
585.000 0.002 0.001 0.001
590.000 0.002 0.001 0.001
595.000 0.002 0.001 0.001
600.000 0.002 0.001 0.001
605.000 0.002 0.001 0.001
610.000 0.002 0.001 0.001
615.000 0.002 0.001 0.001
620.000 0.002 0.002 0.001
625.000 0.002 0.002 0.001
630.000 0.002 0.002 0.001
635.000 0.002 0.002 0.002
640.000 0.002 0.002 0.002
645.000 0.002 0.002 0.002
650.000 0.002 0.002 0.002
655.000 0.002 0.002 0.002
660.000 0.002 0.002 0.002
665.000 0.003 0.002 0.002
670.000 0.003 0.002 0.002
675.000 0.003 0.002 0.002
680.000 0.003 0.002 0.002
685.000 0.003 0.002 0.002
690.000 0.003 0.002 0.002
695.000 0.003 0.002 0.002
700.000 0.003 0.002 0.002
705.000 0.003 0.002 0.002
710.000 0.003 0.002 0.002
715.000 0.003 0.002 0.002
720.000 0.003 0.002 0.002
725.000 0.003 0.002 0.002
730.000 0.003 0.002 0.002
735.000 0.003 0.002 0.002
740.000 0.003 0.002 0.002
745.000 0.003 0.002 0.002
750.000 0.003 0.002 0.002
755.000 0.003 0.002 0.002
760.000 0.003 0.002 0.002
765.000 0.003 0.002 0.002
770.000 0.003 0.002 0.002
775.000 0.003 0.002 0.002
780.000 0.003 0.002 0.002
785.000 0.003 0.002 0.002
790.000 0.003 0.002 0.002
795.000 0.004 0.002 0.002
800.000 0.004 0.002 0.002
805.000 0.004 0.002 0.002
810.000 0.004 0.002 0.002
815.000 0.004 0.002 0.002
820.000 0.004 0.002 0.002
825.000 0.004 0.002 0.002
830.000 0.004 0.002 0.002
835.000 0.004 0.002 0.002
840.000 0.004 0.002 0.002
845.000 0.004 0.002 0.002
850.000 0.004 0.002 0.002
855.000 0.004 0.002 0.003
860.000 0.004 0.002 0.003
865.000 0.004 0.002 0.003
870.000 0.004 0.002 0.003
875.000 0.004 0.002 0.003
880.000 0.004 0.002 0.003
885.000 0.004 0.002 0.003
890.000 0.004 0.002 0.003
895.000 0.004 0.002 0.003
900.000 0.004 0.002 0.003
905.000 0.004 0.002 0.003
910.000 0.005 0.002 0.003
915.000 0.005 0.003 0.003
920.000 0.005 0.003 0.003
925.000 0.005 0.003 0.003
930.000 0.005 0.003 0.003
935.000 0.005 0.003 0.003
940.000 0.005 0.003 0.003
945.000 0.005 0.003 0.003
950.000 0.005 0.003 0.003
955.000 0.005 0.003 0.003
960.000 0.005 0.003 0.003
965.000 0.005 0.003 0.003
970.000 0.005 0.003 0.003
975.000 0.005 0.003 0.003
980.000 0.005 0.003 0.003
985.000 0.005 0.003 0.003
990.000 0.005 0.003 0.004
995.000 0.005 0.003 0.004
1000.000 0.005 0.003 0.004
1005.000 0.005 0.003 0.004
1010.000 0.005 0.003 0.004
1015.000 0.005 0.003 0.004
1020.000 0.006 0.003 0.004
1025.000 0.006 0.003 0.004
1030.000 0.006 0.003 0.004
1035.000 0.006 0.003 0.004
1040.000 0.006 0.003 0.004
1045.000 0.006 0.003 0.004
1050.000 0.006 0.003 0.004
1055.000 0.006 0.003 0.004
1060.000 0.006 0.003 0.004
1065.000 0.006 0.003 0.004
1070.000 0.006 0.003 0.004
1075.000 0.006 0.003 0.004
1080.000 0.006 0.003 0.004
1085.000 0.006 0.003 0.004
1090.000 0.006 0.003 0.005
1095.000 0.006 0.003 0.005
1100.000 0.006 0.003 0.005
1105.000 0.006 0.003 0.005
1110.000 0.006 0.003 0.005
1115.000 0.006 0.003 0.005
1120.000 0.006 0.003 0.005
1125.000 0.006 0.003 0.005
1130.000 0.007 0.003 0.005
1135.000 0.007 0.003 0.005
1140.000 0.007 0.003 0.005
1145.000 0.007 0.004 0.005
1150.000 0.007 0.004 0.005
1155.000 0.007 0.004 0.005
1160.000 0.007 0.004 0.005
1165.000 0.007 0.004 0.005
1170.000 0.007 0.004 0.006
1175.000 0.007 0.004 0.006
1180.000 0.007 0.004 0.006
1185.000 0.007 0.004 0.006
1190.000 0.007 0.004 0.006
1195.000 0.007 0.004 0.006
1200.000 0.007 0.004 0.006
1205.000 0.007 0.004 0.006
1210.000 0.007 0.004 0.006
1215.000 0.007 0.004 0.006
1220.000 0.007 0.004 0.006
1225.000 0.007 0.004 0.006
1230.000 0.007 0.004 0.006
1235.000 0.007 0.004 0.006
1240.000 0.007 0.004 0.007
1245.000 0.007 0.004 0.007
1250.000 0.008 0.004 0.007
1255.000 0.008 0.004 0.007
1260.000 0.008 0.004 0.007
1265.000 0.008 0.004 0.007
1270.000 0.008 0.004 0.007
1275.000 0.008 0.004 0.007
1280.000 0.008 0.004 0.007
1285.000 0.008 0.004 0.007
1290.000 0.008 0.004 0.007
1295.000 0.008 0.004 0.007
1300.000 0.008 0.004 0.008
1305.000 0.008 0.004 0.008
1310.000 0.008 0.005 0.008
1315.000 0.008 0.005 0.008
1320.000 0.008 0.005 0.008
1325.000 0.008 0.005 0.008
1330.000 0.008 0.005 0.008
1335.000 0.008 0.005 0.008
1340.000 0.008 0.005 0.008
1345.000 0.008 0.005 0.008
1350.000 0.008 0.005 0.008
1355.000 0.008 0.005 0.008
1360.000 0.008 0.005 0.009
1365.000 0.008 0.005 0.009
1370.000 0.008 0.005 0.009
1375.000 0.009 0.005 0.009
1380.000 0.009 0.005 0.009
1385.000 0.009 0.005 0.009
1390.000 0.009 0.005 0.009
1395.000 0.009 0.005 0.009
1400.000 0.009 0.005 0.009
1405.000 0.009 0.005 0.009
1410.000 0.009 0.005 0.009
1415.000 0.009 0.005 0.010
1420.000 0.009 0.005 0.010
1425.000 0.009 0.005 0.010
1430.000 0.009 0.005 0.010
1435.000 0.009 0.006 0.010
1440.000 0.009 0.006 0.010
1445.000 0.009 0.006 0.010
1450.000 0.009 0.006 0.010
1455.000 0.009 0.006 0.010
1460.000 0.009 0.006 0.010
1465.000 0.009 0.006 0.010
1470.000 0.009 0.006 0.011
1475.000 0.009 0.006 0.011
1480.000 0.009 0.006 0.011
1485.000 0.009 0.006 0.011
1490.000 0.009 0.006 0.011
1495.000 0.009 0.006 0.011
1500.000 0.009 0.006 0.011
1505.000 0.010 0.006 0.011
1510.000 0.010 0.006 0.011
1515.000 0.010 0.006 0.011
1520.000 0.010 0.006 0.012
1525.000 0.010 0.006 0.012
1530.000 0.010 0.006 0.012
1535.000 0.010 0.006 0.012
1540.000 0.010 0.007 0.012
1545.000 0.010 0.007 0.012
1550.000 0.010 0.007 0.012
1555.000 0.010 0.007 0.012
1560.000 0.010 0.007 0.012
1565.000 0.010 0.007 0.012
1570.000 0.010 0.007 0.012
1575.000 0.010 0.007 0.013
1580.000 0.010 0.007 0.013
1585.000 0.010 0.007 0.013
1590.000 0.010 0.007 0.013
1595.000 0.010 0.007 0.013
1600.000 0.010 0.007 0.013
1605.000 0.010 0.007 0.013
1610.000 0.010 0.007 0.013
1615.000 0.010 0.007 0.013
1620.000 0.010 0.008 0.013
1625.000 0.010 0.008 0.014
1630.000 0.010 0.008 0.014
1635.000 0.010 0.008 0.014
1640.000 0.010 0.008 0.014
1645.000 0.011 0.008 0.014
1650.000 0.011 0.008 0.014
1655.000 0.011 0.008 0.014
1660.000 0.011 0.008 0.014
1665.000 0.011 0.008 0.014
1670.000 0.011 0.008 0.014
1675.000 0.011 0.008 0.015
1680.000 0.011 0.008 0.015
1685.000 0.011 0.008 0.015
1690.000 0.011 0.008 0.015
1695.000 0.011 0.009 0.015
1700.000 0.011 0.009 0.015
1705.000 0.011 0.009 0.015
1710.000 0.011 0.009 0.015
1715.000 0.011 0.009 0.015
1720.000 0.011 0.009 0.015
1725.000 0.011 0.009 0.016
1730.000 0.011 0.009 0.016
1735.000 0.011 0.009 0.016
1740.000 0.011 0.009 0.016
1745.000 0.011 0.009 0.016
1750.000 0.011 0.009 0.016
1755.000 0.011 0.010 0.016
1760.000 0.011 0.010 0.016
1765.000 0.011 0.010 0.016
1770.000 0.011 0.010 0.017
1775.000 0.012 0.010 0.017
1780.000 0.012 0.010 0.017
1785.000 0.012 0.010 0.017
1790.000 0.012 0.010 0.017
1795.000 0.012 0.010 0.017
1800.000 0.012 0.010 0.017
1805.000 0.012 0.010 0.017
1810.000 0.012 0.011 0.017
1815.000 0.012 0.011 0.018
1820.000 0.012 0.011 0.018
1825.000 0.012 0.011 0.018
1830.000 0.012 0.011 0.018
1835.000 0.012 0.011 0.018
1840.000 0.012 0.011 0.018
1845.000 0.012 0.011 0.018
1850.000 0.012 0.011 0.018
1855.000 0.012 0.012 0.019
1860.000 0.012 0.012 0.019
1865.000 0.012 0.012 0.019
1870.000 0.012 0.012 0.019
1875.000 0.012 0.012 0.019
1880.000 0.012 0.012 0.019
1885.000 0.012 0.012 0.019
1890.000 0.013 0.012 0.020
1895.000 0.013 0.012 0.020
1900.000 0.013 0.013 0.020
1905.000 0.013 0.013 0.020
1910.000 0.013 0.013 0.020
1915.000 0.013 0.013 0.020
1920.000 0.013 0.013 0.020
1925.000 0.013 0.013 0.021
1930.000 0.013 0.013 0.021
1935.000 0.013 0.013 0.021
1940.000 0.013 0.014 0.021
1945.000 0.013 0.014 0.021
1950.000 0.013 0.014 0.021
1955.000 0.013 0.014 0.021
1960.000 0.013 0.014 0.022
1965.000 0.013 0.014 0.022
1970.000 0.013 0.014 0.022
1975.000 0.014 0.015 0.022
1980.000 0.014 0.015 0.022
1985.000 0.014 0.015 0.022
1990.000 0.014 0.015 0.023
1995.000 0.014 0.015 0.023
2000.000 0.014 0.015 0.023
2005.000 0.014 0.016 0.023
2010.000 0.014 0.016 0.023
2015.000 0.014 0.016 0.024
2020.000 0.014 0.016 0.024
2025.000 0.014 0.016 0.024
2030.000 0.014 0.016 0.024
2035.000 0.014 0.016 0.024
2040.000 0.014 0.017 0.024
2045.000 0.014 0.017 0.025
2050.000 0.015 0.017 0.025
2055.000 0.015 0.017 0.025
2060.000 0.015 0.017 0.025
2065.000 0.015 0.018 0.025
2070.000 0.015 0.018 0.026
2075.000 0.015 0.018 0.026
2080.000 0.015 0.018 0.026
2085.000 0.015 0.018 0.026
2090.000 0.015 0.018 0.026
2095.000 0.015 0.019 0.027
2100.000 0.015 0.019 0.027
2105.000 0.015 0.019 0.027
2110.000 0.016 0.019 0.027
2115.000 0.016 0.019 0.027
2120.000 0.016 0.020 0.028
2125.000 0.016 0.020 0.028
2130.000 0.016 0.020 0.028
2135.000 0.016 0.020 0.028
2140.000 0.016 0.020 0.028
2145.000 0.016 0.021 0.029
2150.000 0.016 0.021 0.029
2155.000 0.016 0.021 0.029
2160.000 0.017 0.021 0.029
2165.000 0.017 0.022 0.030
2170.000 0.017 0.022 0.030
2175.000 0.017 0.022 0.030
2180.000 0.017 0.022 0.030
2185.000 0.017 0.022 0.030
2190.000 0.017 0.023 0.031
2195.000 0.017 0.023 0.031
2200.000 0.018 0.023 0.031
2205.000 0.018 0.023 0.031
2210.000 0.018 0.024 0.032
2215.000 0.018 0.024 0.032
2220.000 0.018 0.024 0.032
2225.000 0.018 0.024 0.032
2230.000 0.018 0.025 0.033
2235.000 0.018 0.025 0.033
2240.000 0.019 0.025 0.033
2245.000 0.019 0.025 0.033
2250.000 0.019 0.026 0.034
2255.000 0.019 0.026 0.034
2260.000 0.019 0.026 0.034
2265.000 0.019 0.026 0.034
2270.000 0.020 0.027 0.035
2275.000 0.020 0.027 0.035
2280.000 0.020 0.027 0.035
2285.000 0.020 0.027 0.035
2290.000 0.020 0.028 0.036
2295.000 0.020 0.028 0.036
2300.000 0.020 0.028 0.036
2305.000 0.021 0.029 0.036
2310.000 0.021 0.029 0.037
2315.000 0.021 0.029 0.037
2320.000 0.021 0.029 0.037
2325.000 0.021 0.030 0.037
2330.000 0.022 0.030 0.038
2335.000 0.022 0.030 0.038
2340.000 0.022 0.031 0.038
2345.000 0.022 0.031 0.038
2350.000 0.022 0.031 0.039
2355.000 0.022 0.031 0.039
2360.000 0.023 0.032 0.039
2365.000 0.023 0.032 0.039
2370.000 0.023 0.032 0.040
2375.000 0.023 0.033 0.040
2380.000 0.024 0.033 0.040
2385.000 0.024 0.033 0.041
2390.000 0.024 0.034 0.041
2395.000 0.024 0.034 0.041
2400.000 0.024 0.034 0.041
2405.000 0.025 0.035 0.042
2410.000 0.025 0.035 0.042
2415.000 0.025 0.035 0.042
2420.000 0.025 0.035 0.043
2425.000 0.026 0.036 0.043
2430.000 0.026 0.036 0.043
2435.000 0.026 0.036 0.044
2440.000 0.026 0.037 0.044
2445.000 0.026 0.037 0.044
2450.000 0.027 0.037 0.044
2455.000 0.027 0.038 0.045
2460.000 0.027 0.038 0.045
2465.000 0.027 0.038 0.045
2470.000 0.028 0.039 0.046
2475.000 0.028 0.039 0.046
2480.000 0.028 0.039 0.046
2485.000 0.028 0.040 0.047
2490.000 0.029 0.040 0.047
2495.000 0.029 0.040 0.047
2500.000 0.029 0.041 0.048
2505.000 0.030 0.041 0.048
2510.000 0.030 0.041 0.048
2515.000 0.030 0.042 0.049
2520.000 0.030 0.042 0.049
2525.000 0.031 0.042 0.049
2530.000 0.031 0.043 0.050
2535.000 0.031 0.043 0.050
2540.000 0.032 0.044 0.050
2545.000 0.032 0.044 0.051
2550.000 0.032 0.044 0.051
2555.000 0.032 0.045 0.051
2560.000 0.033 0.045 0.052
2565.000 0.033 0.045 0.052
2570.000 0.033 0.046 0.052
2575.000 0.034 0.046 0.053
2580.000 0.034 0.046 0.053
2585.000 0.034 0.047 0.054
2590.000 0.034 0.047 0.054
2595.000 0.035 0.047 0.054
2600.000 0.035 0.048 0.055
2605.000 0.035 0.048 0.055
2610.000 0.036 0.048 0.055
2615.000 0.036 0.049 0.056
2620.000 0.036 0.049 0.056
2625.000 0.037 0.050 0.057
2630.000 0.037 0.050 0.057
2635.000 0.037 0.050 0.057
2640.000 0.038 0.051 0.058
2645.000 0.038 0.051 0.058
2650.000 0.038 0.051 0.059
2655.000 0.039 0.052 0.059
2660.000 0.039 0.052 0.059
2665.000 0.039 0.052 0.060
2670.000 0.039 0.053 0.060
2675.000 0.040 0.053 0.061
2680.000 0.040 0.053 0.061
2685.000 0.040 0.054 0.061
2690.000 0.041 0.054 0.062
2695.000 0.041 0.055 0.062
2700.000 0.041 0.055 0.063
2705.000 0.042 0.055 0.063
2710.000 0.042 0.056 0.063
2715.000 0.042 0.056 0.064
2720.000 0.043 0.056 0.064
2725.000 0.043 0.057 0.065
2730.000 0.043 0.057 0.065
2735.000 0.044 0.058 0.066
2740.000 0.044 0.058 0.066
2745.000 0.044 0.058 0.066
2750.000 0.045 0.059 0.067
2755.000 0.045 0.059 0.067
2760.000 0.045 0.059 0.068
2765.000 0.046 0.060 0.068
2770.000 0.046 0.060 0.068
2775.000 0.046 0.060 0.069
2780.000 0.047 0.061 0.069
2785.000 0.047 0.061 0.070
2790.000 0.047 0.062 0.070
2795.000 0.048 0.062 0.071
2800.000 0.048 0.062 0.071
2805.000 0.048 0.063 0.071
2810.000 0.049 0.063 0.072
2815.000 0.049 0.063 0.072
2820.000 0.049 0.064 0.073
2825.000 0.050 0.064 0.073
2830.000 0.050 0.065 0.074
2835.000 0.050 0.065 0.074
2840.000 0.051 0.065 0.074
2845.000 0.051 0.066 0.075
2850.000 0.051 0.066 0.075
2855.000 0.052 0.067 0.076
2860.000 0.052 0.067 0.076
2865.000 0.052 0.067 0.077
2870.000 0.053 0.068 0.077
2875.000 0.053 0.068 0.077
2880.000 0.053 0.068 0.078
2885.000 0.054 0.069 0.078
2890.000 0.054 0.069 0.079
2895.000 0.054 0.070 0.079
2900.000 0.055 0.070 0.079
2905.000 0.055 0.070 0.080
2910.000 0.055 0.071 0.080
2915.000 0.056 0.071 0.081
2920.000 0.056 0.072 0.081
2925.000 0.057 0.072 0.082
2930.000 0.057 0.072 0.082
2935.000 0.057 0.073 0.082
2940.000 0.058 0.073 0.083
2945.000 0.058 0.074 0.083
2950.000 0.058 0.074 0.084
2955.000 0.059 0.074 0.084
2960.000 0.059 0.075 0.084
2965.000 0.059 0.075 0.085
2970.000 0.060 0.076 0.085
2975.000 0.060 0.076 0.086
2980.000 0.060 0.077 0.086
2985.000 0.061 0.077 0.087
2990.000 0.061 0.077 0.087
2995.000 0.061 0.078 0.087
3000.000 0.062 0.078 0.088
3005.000 0.062 0.079 0.088
3010.000 0.062 0.079 0.089
3015.000 0.063 0.079 0.089
3020.000 0.063 0.080 0.089
3025.000 0.063 0.080 0.090
3030.000 0.064 0.081 0.090
3035.000 0.064 0.081 0.091
3040.000 0.064 0.082 0.091
3045.000 0.065 0.082 0.091
3050.000 0.065 0.082 0.092
3055.000 0.065 0.083 0.092
3060.000 0.066 0.083 0.093
3065.000 0.066 0.084 0.093
3070.000 0.066 0.084 0.093
3075.000 0.067 0.085 0.094
3080.000 0.067 0.085 0.094
3085.000 0.068 0.086 0.095
3090.000 0.068 0.086 0.095
3095.000 0.068 0.087 0.095
3100.000 0.069 0.087 0.096
3105.000 0.069 0.087 0.096
3110.000 0.069 0.088 0.097
3115.000 0.070 0.088 0.097
3120.000 0.070 0.089 0.097
3125.000 0.070 0.089 0.098
3130.000 0.071 0.090 0.098
3135.000 0.071 0.090 0.099
3140.000 0.071 0.091 0.099
3145.000 0.072 0.091 0.100
3150.000 0.072 0.092 0.100
3155.000 0.073 0.092 0.100
3160.000 0.073 0.093 0.101
3165.000 0.073 0.093 0.101
3170.000 0.074 0.094 0.102
3175.000 0.074 0.094 0.102
3180.000 0.074 0.094 0.102
3185.000 0.075 0.095 0.103
3190.000 0.075 0.095 0.103
3195.000 0.076 0.096 0.104
3200.000 0.076 0.096 0.104
3205.000 0.076 0.097 0.104
3210.000 0.077 0.097 0.105
3215.000 0.077 0.098 0.105
3220.000 0.077 0.098 0.106
3225.000 0.078 0.099 0.106
3230.000 0.078 0.099 0.106
3235.000 0.079 0.100 0.107
3240.000 0.079 0.100 0.107
3245.000 0.079 0.101 0.108
3250.000 0.080 0.101 0.108
3255.000 0.080 0.102 0.108
3260.000 0.081 0.102 0.109
3265.000 0.081 0.103 0.109
3270.000 0.081 0.103 0.110
3275.000 0.082 0.104 0.110
3280.000 0.082 0.104 0.111
3285.000 0.082 0.105 0.111
3290.000 0.083 0.105 0.111
3295.000 0.083 0.106 0.112
3300.000 0.084 0.106 0.112
3305.000 0.084 0.107 0.113
3310.000 0.084 0.107 0.113
3315.000 0.085 0.108 0.113
3320.000 0.085 0.108 0.114
3325.000 0.086 0.109 0.114
3330.000 0.086 0.109 0.115
3335.000 0.086 0.110 0.115
3340.000 0.087 0.110 0.116
3345.000 0.087 0.111 0.116
3350.000 0.088 0.111 0.116
3355.000 0.088 0.112 0.117
3360.000 0.088 0.112 0.117
3365.000 0.089 0.113 0.118
3370.000 0.089 0.114 0.118
3375.000 0.090 0.114 0.118
3380.000 0.090 0.115 0.119
3385.000 0.090 0.115 0.119
3390.000 0.091 0.116 0.120
3395.000 0.091 0.116 0.120
3400.000 0.092 0.117 0.121
3405.000 0.092 0.117 0.121
3410.000 0.092 0.118 0.121
3415.000 0.093 0.118 0.122
3420.000 0.093 0.119 0.122
3425.000 0.094 0.119 0.123
3430.000 0.094 0.120 0.123
3435.000 0.094 0.120 0.124
3440.000 0.095 0.121 0.124
3445.000 0.095 0.121 0.124
3450.000 0.096 0.122 0.125
3455.000 0.096 0.122 0.125
3460.000 0.096 0.123 0.126
3465.000 0.097 0.123 0.126
3470.000 0.097 0.124 0.126
3475.000 0.097 0.124 0.127
3480.000 0.098 0.125 0.127
3485.000 0.098 0.125 0.128
3490.000 0.099 0.126 0.128
3495.000 0.099 0.126 0.129
3500.000 0.099 0.127 0.129
3505.000 0.100 0.127 0.129
3510.000 0.100 0.128 0.130
3515.000 0.101 0.128 0.130
3520.000 0.101 0.129 0.131
3525.000 0.101 0.129 0.131
3530.000 0.102 0.130 0.132
3535.000 0.102 0.130 0.132
3540.000 0.103 0.131 0.132
3545.000 0.103 0.131 0.133
3550.000 0.103 0.132 0.133
3555.000 0.104 0.132 0.134
3560.000 0.104 0.133 0.134
3565.000 0.105 0.134 0.135
3570.000 0.105 0.134 0.135
3575.000 0.105 0.135 0.135
3580.000 0.106 0.135 0.136
3585.000 0.106 0.136 0.136
3590.000 0.107 0.136 0.137
3595.000 0.107 0.137 0.137
3600.000 0.107 0.137 0.138
3605.000 0.108 0.138 0.138
3610.000 0.108 0.138 0.138
3615.000 0.109 0.139 0.139
3620.000 0.109 0.139 0.139
3625.000 0.109 0.140 0.140
3630.000 0.110 0.140 0.140
3635.000 0.110 0.141 0.141
3640.000 0.110 0.141 0.141
3645.000 0.111 0.142 0.141
3650.000 0.111 0.143 0.142
3655.000 0.112 0.143 0.142
3660.000 0.112 0.144 0.143
3665.000 0.112 0.144 0.143
3670.000 0.113 0.145 0.144
3675.000 0.113 0.145 0.144
3680.000 0.114 0.146 0.144
3685.000 0.114 0.146 0.145
3690.000 0.114 0.147 0.145
3695.000 0.115 0.147 0.146
3700.000 0.115 0.148 0.146
3705.000 0.116 0.149 0.147
3710.000 0.116 0.149 0.147
3715.000 0.116 0.150 0.147
3720.000 0.117 0.150 0.148
3725.000 0.117 0.151 0.148
3730.000 0.118 0.151 0.149
3735.000 0.118 0.152 0.149
3740.000 0.118 0.152 0.150
3745.000 0.119 0.153 0.150
3750.000 0.119 0.154 0.151
3755.000 0.120 0.154 0.151
3760.000 0.120 0.155 0.151
3765.000 0.121 0.155 0.152
3770.000 0.121 0.156 0.152
3775.000 0.121 0.156 0.153
3780.000 0.122 0.157 0.153
3785.000 0.122 0.158 0.154
3790.000 0.123 0.158 0.154
3795.000 0.123 0.159 0.154
3800.000 0.123 0.159 0.155
3805.000 0.124 0.160 0.155
3810.000 0.124 0.160 0.156
3815.000 0.125 0.161 0.156
3820.000 0.125 0.162 0.157
3825.000 0.126 0.162 0.157
3830.000 0.126 0.163 0.158
3835.000 0.126 0.163 0.158
3840.000 0.127 0.164 0.158
3845.000 0.127 0.165 0.159
3850.000 0.128 0.165 0.159
3855.000 0.128 0.166 0.160
3860.000 0.128 0.166 0.160
3865.000 0.129 0.167 0.161
3870.000 0.129 0.168 0.161
3875.000 0.130 0.168 0.162
3880.000 0.130 0.169 0.162
3885.000 0.131 0.169 0.163
3890.000 0.131 0.170 0.163
3895.000 0.131 0.171 0.163
3900.000 0.132 0.171 0.164
3905.000 0.132 0.172 0.164
3910.000 0.133 0.172 0.165
3915.000 0.133 0.173 0.165
3920.000 0.134 0.174 0.166
3925.000 0.134 0.174 0.166
3930.000 0.135 0.175 0.167
3935.000 0.135 0.176 0.167
3940.000 0.135 0.176 0.168
3945.000 0.136 0.177 0.168
3950.000 0.136 0.177 0.168
3955.000 0.137 0.178 0.169
3960.000 0.137 0.179 0.169
3965.000 0.138 0.179 0.170
3970.000 0.138 0.180 0.170
3975.000 0.139 0.181 0.171
3980.000 0.139 0.181 0.171
3985.000 0.139 0.182 0.172
3990.000 0.140 0.182 0.172
3995.000 0.140 0.183 0.173
4000.000 0.141 0.184 0.173
4005.000 0.141 0.184 0.174
4010.000 0.142 0.185 0.174
4015.000 0.142 0.186 0.175
4020.000 0.143 0.186 0.175
4025.000 0.143 0.187 0.176
4030.000 0.143 0.187 0.176
4035.000 0.144 0.188 0.177
4040.000 0.144 0.189 0.177
4045.000 0.145 0.189 0.178
4050.000 0.145 0.190 0.178
4055.000 0.146 0.191 0.179
4060.000 0.146 0.191 0.179
4065.000 0.147 0.192 0.180
4070.000 0.147 0.193 0.180
4075.000 0.148 0.193 0.181
4080.000 0.148 0.194 0.181
4085.000 0.148 0.195 0.182
4090.000 0.149 0.195 0.182
4095.000 0.149 0.196 0.183
4100.000 0.150 0.196 0.183
4105.000 0.150 0.197 0.184
