0.000 0.101 0.303 12.697
5.000 0.101 0.303 12.697
10.000 0.101 0.303 12.697
15.000 0.101 0.303 12.697
20.000 0.101 0.303 12.697
25.000 0.101 0.303 12.697
30.000 0.101 0.303 12.697
35.000 0.101 0.303 12.697
40.000 0.101 0.303 12.697
45.000 0.101 0.303 12.697
50.000 0.101 0.303 12.697
55.000 0.101 0.303 12.697
60.000 0.101 0.303 12.697
65.000 0.101 0.303 12.697
70.000 0.101 0.303 12.697
75.000 0.101 0.303 12.697
80.000 0.101 0.303 12.697
85.000 0.101 0.303 12.697
90.000 0.101 0.303 12.697
95.000 0.101 0.303 12.697
100.000 0.101 0.303 12.697
105.000 0.101 0.303 12.697
110.000 0.101 0.303 12.697
115.000 0.101 0.303 12.697
120.000 0.101 0.303 12.697
125.000 0.101 0.303 12.697
130.000 0.101 0.303 12.697
135.000 0.101 0.303 12.697
140.000 0.101 0.303 12.697
145.000 0.101 0.303 12.697
150.000 0.101 0.303 12.697
155.000 0.101 0.303 12.697
160.000 0.101 0.303 12.697
165.000 0.101 0.303 12.697
170.000 0.101 0.303 12.697
175.000 0.101 0.303 12.697
180.000 0.101 0.303 12.697
185.000 0.101 0.303 12.697
190.000 0.101 0.303 12.697
195.000 0.101 0.303 12.697
200.000 0.101 0.303 12.697
205.000 0.101 0.303 12.697
210.000 0.101 0.303 12.697
215.000 0.101 0.303 12.697
220.000 0.101 0.303 12.697
225.000 0.101 0.303 12.697
230.000 0.101 0.303 12.697
235.000 0.101 0.303 12.697
240.000 0.101 0.303 12.697
245.000 0.101 0.303 12.697
250.000 0.101 0.303 12.697
255.000 0.101 0.303 12.697
260.000 0.101 0.303 12.697
265.000 0.101 0.303 12.697
270.000 0.101 0.303 12.697
275.000 0.101 0.303 12.697
280.000 0.101 0.303 12.697
285.000 0.101 0.303 12.697
290.000 0.101 0.303 12.697
295.000 0.101 0.303 12.697
300.000 0.101 0.303 12.697
305.000 0.101 0.303 12.697
310.000 0.101 0.303 12.697
315.000 0.101 0.303 12.697
320.000 0.101 0.303 12.697
325.000 0.101 0.303 12.697
330.000 0.101 0.303 12.697
335.000 0.101 0.303 12.697
340.000 0.101 0.303 12.697
345.000 0.101 0.303 12.697
350.000 0.101 0.303 12.697
355.000 0.101 0.303 12.697
360.000 0.101 0.303 12.697
365.000 0.101 0.303 12.697
370.000 0.101 0.303 12.697
375.000 0.101 0.303 12.697
380.000 0.101 0.303 12.697
385.000 0.101 0.303 12.697
390.000 0.101 0.303 12.697
395.000 0.101 0.303 12.697
400.000 0.101 0.303 12.697
405.000 0.101 0.303 12.697
410.000 0.101 0.303 12.697
415.000 0.101 0.303 12.697
420.000 0.101 0.303 12.697
425.000 0.101 0.303 12.697
430.000 0.101 0.303 12.697
435.000 0.101 0.303 12.697
440.000 0.101 0.303 12.697
445.000 0.101 0.303 12.697
450.000 0.101 0.303 12.697
455.000 0.101 0.303 12.697
460.000 0.101 0.303 12.697
465.000 0.101 0.303 12.697
470.000 0.101 0.303 12.697
475.000 0.101 0.303 12.697
480.000 0.101 0.303 12.697
485.000 0.101 0.303 12.697
490.000 0.101 0.303 12.697
495.000 0.101 0.303 12.697
500.000 0.101 0.303 12.697
505.000 0.101 0.303 12.697
510.000 0.101 0.303 12.697
515.000 0.101 0.303 12.697
520.000 0.101 0.303 12.697
525.000 0.101 0.303 12.697
530.000 0.101 0.303 12.697
535.000 0.101 0.303 12.697
540.000 0.101 0.303 12.697
545.000 0.101 0.303 12.697
550.000 0.101 0.303 12.697
555.000 0.101 0.303 12.697
560.000 0.101 0.303 12.697
565.000 0.101 0.303 12.697
570.000 0.101 0.303 12.697
575.000 0.101 0.303 12.697
580.000 0.101 0.303 12.697
585.000 0.101 0.303 12.697
590.000 0.101 0.303 12.697
595.000 0.101 0.303 12.697
600.000 0.101 0.303 12.697
605.000 0.101 0.303 12.697
610.000 0.101 0.303 12.697
615.000 0.101 0.303 12.697
620.000 0.101 0.303 12.697
625.000 0.101 0.303 12.697
630.000 0.101 0.303 12.697
635.000 0.101 0.303 12.697
640.000 0.101 0.303 12.697
645.000 0.101 0.303 12.697
650.000 0.101 0.303 12.697
655.000 0.101 0.303 12.697
660.000 0.101 0.303 12.697
665.000 0.101 0.303 12.697
670.000 0.101 0.303 12.697
675.000 0.101 0.303 12.697
680.000 0.101 0.303 12.697
685.000 0.101 0.303 12.697
690.000 0.101 0.303 12.697
695.000 0.101 0.303 12.697
700.000 0.101 0.303 12.697
705.000 0.101 0.303 12.697
710.000 0.101 0.303 12.697
715.000 0.101 0.303 12.697
720.000 0.101 0.303 12.697
725.000 0.101 0.303 12.697
730.000 0.101 0.303 12.697
735.000 0.101 0.303 12.697
740.000 0.101 0.303 12.697
745.000 0.101 0.303 12.697
750.000 0.101 0.303 12.697
755.000 0.101 0.303 12.697
760.000 0.101 0.303 12.697
765.000 0.101 0.303 12.697
770.000 0.101 0.303 12.697
775.000 0.101 0.303 12.697
780.000 0.101 0.303 12.697
785.000 0.101 0.303 12.697
790.000 0.101 0.303 12.697
795.000 0.101 0.303 12.697
800.000 0.101 0.303 12.697
805.000 0.101 0.303 12.697
810.000 0.101 0.303 12.697
815.000 0.101 0.303 12.697
820.000 0.101 0.303 12.697
825.000 0.101 0.303 12.697
830.000 0.101 0.303 12.697
835.000 0.101 0.303 12.697
840.000 0.101 0.303 12.697
845.000 0.101 0.303 12.697
850.000 0.101 0.303 12.697
855.000 0.101 0.303 12.697
860.000 0.101 0.303 12.697
865.000 0.101 0.303 12.697
870.000 0.101 0.303 12.697
875.000 0.101 0.303 12.697
880.000 0.101 0.303 12.697
885.000 0.101 0.303 12.697
890.000 0.101 0.303 12.697
895.000 0.101 0.303 12.697
900.000 0.101 0.303 12.697
905.000 0.101 0.303 12.697
910.000 0.101 0.303 12.697
915.000 0.101 0.303 12.697
920.000 0.101 0.303 12.697
925.000 0.101 0.303 12.697
930.000 0.101 0.303 12.697
935.000 0.101 0.303 12.697
940.000 0.101 0.303 12.697
945.000 0.101 0.303 12.697
950.000 0.101 0.303 12.697
955.000 0.101 0.303 12.697
960.000 0.101 0.303 12.697
965.000 0.101 0.303 12.697
970.000 0.101 0.303 12.697
975.000 0.101 0.303 12.697
980.000 0.101 0.303 12.697
985.000 0.101 0.303 12.697
990.000 0.101 0.303 12.697
995.000 0.101 0.303 12.697
1000.000 0.101 0.303 12.697
1005.000 0.101 0.303 12.697
1010.000 0.101 0.303 12.697
1015.000 0.101 0.303 12.697
1020.000 0.101 0.303 12.697
1025.000 0.101 0.303 12.697
1030.000 0.101 0.303 12.697
1035.000 0.101 0.303 12.697
1040.000 0.101 0.303 12.697
1045.000 0.101 0.303 12.697
1050.000 0.101 0.303 12.697
1055.000 0.101 0.303 12.697
1060.000 0.101 0.303 12.697
1065.000 0.101 0.303 12.697
1070.000 0.101 0.303 12.697
1075.000 0.101 0.303 12.697
1080.000 0.101 0.303 12.697
1085.000 0.101 0.303 12.697
1090.000 0.101 0.303 12.697
1095.000 0.101 0.303 12.697
1100.000 0.101 0.303 12.697
1105.000 0.101 0.303 12.697
1110.000 0.101 0.303 12.697
1115.000 0.101 0.303 12.697
1120.000 0.101 0.303 12.697
1125.000 0.101 0.303 12.697
1130.000 0.101 0.303 12.697
1135.000 0.101 0.303 12.697
1140.000 0.101 0.303 12.697
1145.000 0.101 0.303 12.697
1150.000 0.101 0.303 12.697
1155.000 0.101 0.303 12.697
1160.000 0.101 0.303 12.697
1165.000 0.101 0.303 12.697
1170.000 0.101 0.303 12.697
1175.000 0.101 0.303 12.697
1180.000 0.101 0.303 12.697
1185.000 0.101 0.303 12.697
1190.000 0.101 0.303 12.697
1195.000 0.101 0.303 12.697
1200.000 0.101 0.303 12.697
1205.000 0.101 0.303 12.697
1210.000 0.101 0.303 12.697
1215.000 0.101 0.303 12.697
1220.000 0.101 0.303 12.697
1225.000 0.101 0.303 12.697
1230.000 0.101 0.303 12.697
1235.000 0.101 0.303 12.697
1240.000 0.101 0.303 12.697
1245.000 0.101 0.303 12.697
1250.000 0.101 0.303 12.697
1255.000 0.101 0.303 12.697
1260.000 0.101 0.303 12.697
1265.000 0.101 0.303 12.697
1270.000 0.101 0.303 12.697
1275.000 0.101 0.303 12.697
1280.000 0.101 0.303 12.697
1285.000 0.101 0.303 12.697
1290.000 0.101 0.303 12.697
1295.000 0.101 0.303 12.697
1300.000 0.101 0.303 12.697
1305.000 0.101 0.303 12.697
1310.000 0.101 0.303 12.697
1315.000 0.101 0.303 12.697
1320.000 0.101 0.303 12.697
1325.000 0.101 0.303 12.697
1330.000 0.101 0.303 12.697
1335.000 0.101 0.303 12.697
1340.000 0.101 0.303 12.697
1345.000 0.101 0.303 12.697
1350.000 0.101 0.303 12.697
1355.000 0.101 0.303 12.697
1360.000 0.101 0.303 12.697
1365.000 0.101 0.303 12.697
1370.000 0.101 0.303 12.697
1375.000 0.101 0.303 12.697
1380.000 0.101 0.303 12.697
1385.000 0.101 0.303 12.697
1390.000 0.101 0.303 12.697
1395.000 0.101 0.303 12.697
1400.000 0.101 0.303 12.697
1405.000 0.101 0.303 12.697
1410.000 0.101 0.303 12.697
1415.000 0.101 0.303 12.697
1420.000 0.101 0.303 12.697
1425.000 0.101 0.303 12.697
1430.000 0.101 0.303 12.697
1435.000 0.101 0.303 12.697
1440.000 0.101 0.303 12.697
1445.000 0.101 0.303 12.697
1450.000 0.101 0.303 12.697
1455.000 0.101 0.303 12.697
1460.000 0.101 0.303 12.697
1465.000 0.101 0.303 12.697
1470.000 0.101 0.303 12.697
1475.000 0.101 0.303 12.697
1480.000 0.101 0.303 12.697
1485.000 0.101 0.303 12.697
1490.000 0.101 0.303 12.697
1495.000 0.101 0.303 12.697
1500.000 0.101 0.303 12.697
1505.000 0.101 0.303 12.697
1510.000 0.101 0.303 12.697
1515.000 0.101 0.303 12.697
1520.000 0.101 0.303 12.697
1525.000 0.101 0.303 12.697
1530.000 0.101 0.303 12.697
1535.000 0.101 0.303 12.697
1540.000 0.101 0.303 12.697
1545.000 0.101 0.303 12.697
1550.000 0.101 0.303 12.697
1555.000 0.101 0.303 12.697
1560.000 0.101 0.303 12.697
1565.000 0.101 0.303 12.697
1570.000 0.101 0.303 12.697
1575.000 0.101 0.303 12.697
1580.000 0.101 0.303 12.697
1585.000 0.101 0.303 12.697
1590.000 0.101 0.303 12.697
1595.000 0.101 0.303 12.697
1600.000 0.101 0.303 12.697
1605.000 0.101 0.303 12.697
1610.000 0.101 0.303 12.697
1615.000 0.101 0.303 12.697
1620.000 0.101 0.303 12.697
1625.000 0.101 0.303 12.697
1630.000 0.101 0.303 12.697
1635.000 0.101 0.303 12.697
1640.000 0.101 0.303 12.697
1645.000 0.101 0.303 12.697
1650.000 0.101 0.303 12.697
1655.000 0.101 0.303 12.697
1660.000 0.101 0.303 12.697
1665.000 0.101 0.303 12.697
1670.000 0.101 0.303 12.697
1675.000 0.101 0.303 12.697
1680.000 0.101 0.303 12.697
1685.000 0.101 0.303 12.697
1690.000 0.101 0.303 12.697
1695.000 0.101 0.303 12.697
1700.000 0.101 0.303 12.697
1705.000 0.101 0.303 12.697
1710.000 0.101 0.303 12.697
1715.000 0.101 0.303 12.697
1720.000 0.101 0.303 12.697
1725.000 0.101 0.303 12.697
1730.000 0.101 0.303 12.697
1735.000 0.101 0.303 12.697
1740.000 0.101 0.303 12.697
1745.000 0.101 0.303 12.697
1750.000 0.101 0.303 12.697
1755.000 0.101 0.303 12.697
1760.000 0.101 0.303 12.697
1765.000 0.101 0.303 12.697
1770.000 0.101 0.303 12.697
1775.000 0.101 0.303 12.697
1780.000 0.101 0.303 12.697
1785.000 0.101 0.303 12.697
1790.000 0.101 0.303 12.697
1795.000 0.101 0.303 12.697
1800.000 0.101 0.303 12.697
1805.000 0.101 0.303 12.697
1810.000 0.101 0.303 12.697
1815.000 0.101 0.303 12.697
1820.000 0.101 0.303 12.697
1825.000 0.101 0.303 12.697
1830.000 0.101 0.303 12.697
1835.000 0.101 0.303 12.697
1840.000 0.101 0.303 12.697
1845.000 0.101 0.303 12.697
1850.000 0.101 0.303 12.697
1855.000 0.101 0.303 12.697
1860.000 0.101 0.303 12.697
1865.000 0.101 0.303 12.697
1870.000 0.101 0.303 12.697
1875.000 0.101 0.303 12.697
1880.000 0.101 0.303 12.697
1885.000 0.101 0.303 12.697
1890.000 0.101 0.303 12.697
1895.000 0.101 0.303 12.697
1900.000 0.101 0.303 12.697
1905.000 0.101 0.303 12.697
1910.000 0.101 0.303 12.697
1915.000 0.101 0.303 12.697
1920.000 0.101 0.303 12.697
1925.000 0.101 0.303 12.697
1930.000 0.101 0.303 12.697
1935.000 0.101 0.303 12.697
1940.000 0.101 0.303 12.697
1945.000 0.101 0.303 12.697
1950.000 0.101 0.303 12.697
1955.000 0.101 0.303 12.697
1960.000 0.101 0.303 12.697
1965.000 0.101 0.303 12.697
1970.000 0.101 0.303 12.697
1975.000 0.101 0.303 12.697
1980.000 0.101 0.303 12.697
1985.000 0.101 0.303 12.697
1990.000 0.101 0.303 12.697
1995.000 0.101 0.303 12.697
2000.000 0.101 0.303 12.697
2005.000 0.101 0.303 12.697
2010.000 0.101 0.303 12.697
2015.000 0.101 0.303 12.697
2020.000 0.101 0.303 12.697
2025.000 0.101 0.303 12.697
2030.000 0.101 0.303 12.697
2035.000 0.101 0.303 12.697
2040.000 0.101 0.303 12.697
2045.000 0.101 0.303 12.697
2050.000 0.101 0.303 12.697
2055.000 0.101 0.303 12.697
2060.000 0.101 0.303 12.697
2065.000 0.101 0.303 12.697
2070.000 0.101 0.303 12.697
2075.000 0.101 0.303 12.697
2080.000 0.101 0.303 12.697
2085.000 0.101 0.303 12.697
2090.000 0.101 0.303 12.697
2095.000 0.101 0.303 12.697
2100.000 0.101 0.303 12.697
2105.000 0.101 0.303 12.697
2110.000 0.101 0.303 12.697
2115.000 0.101 0.303 12.697
2120.000 0.101 0.303 12.697
2125.000 0.101 0.303 12.697
2130.000 0.101 0.303 12.697
2135.000 0.101 0.303 12.697
2140.000 0.101 0.303 12.697
2145.000 0.101 0.303 12.697
2150.000 0.101 0.303 12.697
2155.000 0.101 0.303 12.697
2160.000 0.101 0.303 12.697
2165.000 0.101 0.303 12.697
2170.000 0.101 0.303 12.697
2175.000 0.101 0.303 12.697
2180.000 0.101 0.303 12.697
2185.000 0.101 0.303 12.697
2190.000 0.101 0.303 12.697
2195.000 0.101 0.303 12.697
2200.000 0.101 0.303 12.697
2205.000 0.101 0.303 12.697
2210.000 0.101 0.303 12.697
2215.000 0.101 0.303 12.697
2220.000 0.101 0.303 12.697
2225.000 0.101 0.303 12.697
2230.000 0.101 0.303 12.697
2235.000 0.101 0.303 12.697
2240.000 0.101 0.303 12.697
2245.000 0.101 0.303 12.697
2250.000 0.101 0.303 12.697
2255.000 0.101 0.303 12.697
2260.000 0.101 0.303 12.697
2265.000 0.101 0.303 12.697
2270.000 0.101 0.303 12.697
2275.000 0.101 0.303 12.697
2280.000 0.101 0.303 12.697
2285.000 0.101 0.303 12.697
2290.000 0.101 0.303 12.697
2295.000 0.101 0.303 12.697
2300.000 0.101 0.303 12.697
2305.000 0.101 0.303 12.697
2310.000 0.101 0.303 12.697
2315.000 0.101 0.303 12.697
2320.000 0.101 0.303 12.697
2325.000 0.101 0.303 12.697
2330.000 0.101 0.303 12.697
2335.000 0.101 0.303 12.697
2340.000 0.101 0.303 12.697
2345.000 0.101 0.303 12.697
2350.000 0.101 0.303 12.697
2355.000 0.101 0.303 12.697
2360.000 0.101 0.303 12.697
2365.000 0.101 0.303 12.697
2370.000 0.101 0.303 12.697
2375.000 0.101 0.303 12.697
2380.000 0.101 0.303 12.697
2385.000 0.101 0.303 12.697
2390.000 0.101 0.303 12.697
2395.000 0.101 0.303 12.697
2400.000 0.101 0.303 12.697
2405.000 0.101 0.303 12.697
2410.000 0.101 0.303 12.697
2415.000 0.101 0.303 12.697
2420.000 0.101 0.303 12.697
2425.000 0.101 0.303 12.697
2430.000 0.101 0.303 12.697
2435.000 0.101 0.303 12.697
2440.000 0.101 0.303 12.697
2445.000 0.101 0.303 12.697
2450.000 0.101 0.303 12.697
2455.000 0.101 0.303 12.697
2460.000 0.101 0.303 12.697
2465.000 0.101 0.303 12.697
2470.000 0.101 0.303 12.697
2475.000 0.101 0.303 12.697
2480.000 0.101 0.303 12.697
2485.000 0.101 0.303 12.697
2490.000 0.101 0.303 12.697
2495.000 0.101 0.303 12.697
2500.000 0.101 0.303 12.697
2505.000 0.101 0.303 12.697
2510.000 0.101 0.303 12.697
2515.000 0.101 0.303 12.697
2520.000 0.101 0.303 12.697
2525.000 0.101 0.303 12.697
2530.000 0.101 0.303 12.697
2535.000 0.101 0.303 12.697
2540.000 0.101 0.303 12.697
2545.000 0.101 0.303 12.697
2550.000 0.101 0.303 12.697
2555.000 0.101 0.303 12.697
2560.000 0.101 0.303 12.697
2565.000 0.101 0.303 12.697
2570.000 0.101 0.303 12.697
2575.000 0.101 0.303 12.697
2580.000 0.101 0.303 12.697
2585.000 0.101 0.303 12.697
2590.000 0.101 0.303 12.697
2595.000 0.101 0.303 12.697
2600.000 0.101 0.303 12.697
2605.000 0.101 0.303 12.697
2610.000 0.101 0.303 12.697
2615.000 0.101 0.303 12.697
2620.000 0.101 0.303 12.697
2625.000 0.101 0.303 12.697
2630.000 0.101 0.303 12.697
2635.000 0.101 0.303 12.697
2640.000 0.101 0.303 12.697
2645.000 0.101 0.303 12.697
2650.000 0.101 0.303 12.697
2655.000 0.101 0.303 12.697
2660.000 0.101 0.303 12.697
2665.000 0.101 0.303 12.697
2670.000 0.101 0.303 12.697
2675.000 0.101 0.303 12.697
2680.000 0.101 0.303 12.697
2685.000 0.101 0.303 12.697
2690.000 0.101 0.303 12.697
2695.000 0.101 0.303 12.697
2700.000 0.101 0.303 12.697
2705.000 0.101 0.303 12.697
2710.000 0.101 0.303 12.697
2715.000 0.101 0.303 12.697
2720.000 0.101 0.303 12.697
2725.000 0.101 0.303 12.697
2730.000 0.101 0.303 12.697
2735.000 0.101 0.303 12.697
2740.000 0.101 0.303 12.697
2745.000 0.101 0.303 12.697
2750.000 0.101 0.303 12.697
2755.000 0.101 0.303 12.697
2760.000 0.101 0.303 12.697
2765.000 0.101 0.303 12.697
2770.000 0.101 0.303 12.697
2775.000 0.101 0.303 12.697
2780.000 0.101 0.303 12.697
2785.000 0.101 0.303 12.697
2790.000 0.101 0.303 12.697
2795.000 0.101 0.303 12.697
2800.000 0.101 0.303 12.697
2805.000 0.101 0.303 12.697
2810.000 0.101 0.303 12.697
2815.000 0.101 0.303 12.697
2820.000 0.101 0.303 12.697
2825.000 0.101 0.303 12.697
2830.000 0.101 0.303 12.697
2835.000 0.101 0.303 12.697
2840.000 0.101 0.303 12.697
2845.000 0.101 0.303 12.697
2850.000 0.101 0.303 12.697
2855.000 0.101 0.303 12.697
2860.000 0.101 0.303 12.697
2865.000 0.101 0.303 12.697
2870.000 0.101 0.303 12.697
2875.000 0.101 0.303 12.697
2880.000 0.101 0.303 12.697
2885.000 0.101 0.303 12.697
2890.000 0.101 0.303 12.697
2895.000 0.101 0.303 12.697
2900.000 0.101 0.303 12.697
2905.000 0.101 0.303 12.697
2910.000 0.101 0.303 12.697
2915.000 0.101 0.303 12.697
2920.000 0.101 0.303 12.697
2925.000 0.101 0.303 12.697
2930.000 0.101 0.303 12.697
2935.000 0.101 0.303 12.697
2940.000 0.101 0.303 12.697
2945.000 0.101 0.303 12.697
2950.000 0.101 0.303 12.697
2955.000 0.101 0.303 12.697
2960.000 0.101 0.303 12.697
2965.000 0.101 0.303 12.697
2970.000 0.101 0.303 12.697
2975.000 0.101 0.303 12.697
2980.000 0.101 0.303 12.697
2985.000 0.101 0.303 12.697
2990.000 0.101 0.303 12.697
2995.000 0.101 0.303 12.697
3000.000 0.101 0.303 12.697
3005.000 0.101 0.303 12.697
3010.000 0.101 0.303 12.697
3015.000 0.101 0.303 12.697
3020.000 0.101 0.303 12.697
3025.000 0.101 0.303 12.697
3030.000 0.101 0.303 12.697
3035.000 0.101 0.303 12.697
3040.000 0.101 0.303 12.697
3045.000 0.101 0.303 12.697
3050.000 0.101 0.303 12.697
3055.000 0.101 0.303 12.697
3060.000 0.101 0.303 12.697
3065.000 0.101 0.303 12.697
3070.000 0.101 0.303 12.697
3075.000 0.101 0.303 12.697
3080.000 0.101 0.303 12.697
3085.000 0.101 0.303 12.697
3090.000 0.101 0.303 12.697
3095.000 0.101 0.303 12.697
3100.000 0.101 0.303 12.697
3105.000 0.101 0.303 12.697
3110.000 0.101 0.303 12.697
3115.000 0.101 0.303 12.697
3120.000 0.101 0.303 12.697
3125.000 0.101 0.303 12.697
3130.000 0.101 0.303 12.697
3135.000 0.101 0.303 12.697
3140.000 0.101 0.303 12.697
3145.000 0.101 0.303 12.697
3150.000 0.101 0.303 12.697
3155.000 0.101 0.303 12.697
3160.000 0.101 0.303 12.697
3165.000 0.101 0.303 12.697
3170.000 0.101 0.303 12.697
3175.000 0.101 0.303 12.697
3180.000 0.101 0.303 12.697
3185.000 0.101 0.303 12.697
3190.000 0.101 0.303 12.697
3195.000 0.101 0.303 12.697
3200.000 0.101 0.303 12.697
3205.000 0.101 0.303 12.697
3210.000 0.101 0.303 12.697
3215.000 0.101 0.303 12.697
3220.000 0.101 0.303 12.697
3225.000 0.101 0.303 12.697
3230.000 0.101 0.303 12.697
3235.000 0.101 0.303 12.697
3240.000 0.101 0.303 12.697
3245.000 0.101 0.303 12.697
3250.000 0.101 0.303 12.697
3255.000 0.101 0.303 12.697
3260.000 0.101 0.303 12.697
3265.000 0.101 0.303 12.697
3270.000 0.101 0.303 12.697
3275.000 0.101 0.303 12.697
3280.000 0.101 0.303 12.697
3285.000 0.101 0.303 12.697
3290.000 0.101 0.303 12.697
3295.000 0.101 0.303 12.697
3300.000 0.101 0.303 12.697
3305.000 0.101 0.303 12.697
3310.000 0.101 0.303 12.697
3315.000 0.101 0.303 12.697
3320.000 0.101 0.303 12.697
3325.000 0.101 0.303 12.697
3330.000 0.101 0.303 12.697
3335.000 0.101 0.303 12.697
3340.000 0.101 0.303 12.697
3345.000 0.101 0.303 12.697
3350.000 0.101 0.303 12.697
3355.000 0.101 0.303 12.697
3360.000 0.101 0.303 12.697
3365.000 0.101 0.303 12.697
3370.000 0.101 0.303 12.697
3375.000 0.101 0.303 12.697
3380.000 0.101 0.303 12.697
3385.000 0.101 0.303 12.697
3390.000 0.101 0.303 12.697
3395.000 0.101 0.303 12.697
3400.000 0.101 0.303 12.697
3405.000 0.101 0.303 12.697
3410.000 0.101 0.303 12.697
3415.000 0.101 0.303 12.697
3420.000 0.101 0.303 12.697
3425.000 0.101 0.303 12.697
3430.000 0.101 0.303 12.697
3435.000 0.101 0.303 12.697
3440.000 0.101 0.303 12.697
3445.000 0.101 0.303 12.697
3450.000 0.101 0.303 12.697
3455.000 0.101 0.303 12.697
3460.000 0.101 0.303 12.697
3465.000 0.101 0.303 12.697
3470.000 0.101 0.303 12.697
3475.000 0.101 0.303 12.697
3480.000 0.101 0.303 12.697
3485.000 0.101 0.303 12.697
3490.000 0.101 0.303 12.697
3495.000 0.101 0.303 12.697
3500.000 0.101 0.303 12.697
3505.000 0.101 0.303 12.697
3510.000 0.101 0.303 12.697
3515.000 0.101 0.303 12.697
3520.000 0.101 0.303 12.697
3525.000 0.101 0.303 12.697
3530.000 0.101 0.303 12.697
3535.000 0.101 0.303 12.697
3540.000 0.101 0.303 12.697
3545.000 0.101 0.303 12.697
3550.000 0.101 0.303 12.697
3555.000 0.101 0.303 12.697
3560.000 0.101 0.303 12.697
3565.000 0.101 0.303 12.697
3570.000 0.101 0.303 12.697
3575.000 0.101 0.303 12.697
3580.000 0.101 0.303 12.697
3585.000 0.101 0.303 12.697
3590.000 0.101 0.303 12.697
3595.000 0.101 0.303 12.697
3600.000 0.101 0.303 12.697
3605.000 0.101 0.303 12.697
3610.000 0.101 0.303 12.697
3615.000 0.101 0.303 12.697
3620.000 0.101 0.303 12.697
3625.000 0.101 0.303 12.697
3630.000 0.101 0.303 12.697
3635.000 0.101 0.303 12.697
3640.000 0.101 0.303 12.697
3645.000 0.101 0.303 12.697
3650.000 0.101 0.303 12.697
3655.000 0.101 0.303 12.697
3660.000 0.101 0.303 12.697
3665.000 0.101 0.303 12.697
3670.000 0.101 0.303 12.697
3675.000 0.101 0.303 12.697
3680.000 0.101 0.303 12.697
3685.000 0.101 0.303 12.697
3690.000 0.101 0.303 12.697
3695.000 0.101 0.303 12.697
3700.000 0.101 0.303 12.697
3705.000 0.101 0.303 12.697
3710.000 0.101 0.303 12.697
3715.000 0.101 0.303 12.697
3720.000 0.101 0.303 12.697
3725.000 0.101 0.303 12.697
3730.000 0.101 0.303 12.697
3735.000 0.101 0.303 12.697
3740.000 0.101 0.303 12.697
3745.000 0.101 0.303 12.697
3750.000 0.101 0.303 12.697
3755.000 0.101 0.303 12.697
3760.000 0.101 0.303 12.697
3765.000 0.101 0.303 12.697
3770.000 0.101 0.303 12.697
3775.000 0.101 0.303 12.697
3780.000 0.101 0.303 12.697
3785.000 0.101 0.303 12.697
3790.000 0.101 0.303 12.697
3795.000 0.101 0.303 12.697
3800.000 0.101 0.303 12.697
3805.000 0.101 0.303 12.697
3810.000 0.101 0.303 12.697
3815.000 0.101 0.303 12.697
3820.000 0.101 0.303 12.697
3825.000 0.101 0.303 12.697
3830.000 0.101 0.303 12.697
3835.000 0.101 0.303 12.697
3840.000 0.101 0.303 12.697
3845.000 0.101 0.303 12.697
3850.000 0.101 0.303 12.697
3855.000 0.101 0.303 12.697
3860.000 0.101 0.303 12.697
3865.000 0.101 0.303 12.697
3870.000 0.101 0.303 12.697
3875.000 0.101 0.303 12.697
3880.000 0.101 0.303 12.697
3885.000 0.101 0.303 12.697
3890.000 0.101 0.303 12.697
3895.000 0.101 0.303 12.697
3900.000 0.101 0.303 12.697
3905.000 0.101 0.303 12.697
3910.000 0.101 0.303 12.697
3915.000 0.101 0.303 12.697
3920.000 0.101 0.303 12.697
3925.000 0.101 0.303 12.697
3930.000 0.101 0.303 12.697
3935.000 0.101 0.303 12.697
3940.000 0.101 0.303 12.697
3945.000 0.101 0.303 12.697
3950.000 0.101 0.303 12.697
3955.000 0.101 0.303 12.697
3960.000 0.101 0.303 12.697
3965.000 0.101 0.303 12.697
3970.000 0.101 0.303 12.697
3975.000 0.101 0.303 12.697
3980.000 0.101 0.303 12.697
3985.000 0.101 0.303 12.697
3990.000 0.101 0.303 12.697
3995.000 0.101 0.303 12.697
4000.000 0.101 0.303 12.697
4005.000 0.101 0.303 12.697
4010.000 0.101 0.303 12.697
4015.000 0.101 0.303 12.697
4020.000 0.101 0.303 12.697
4025.000 0.101 0.303 12.697
4030.000 0.101 0.303 12.697
4035.000 0.101 0.303 12.697
4040.000 0.101 0.303 12.697
4045.000 0.101 0.303 12.697
4050.000 0.101 0.303 12.697
4055.000 0.101 0.303 12.697
4060.000 0.101 0.303 12.697
4065.000 0.101 0.303 12.697
4070.000 0.101 0.303 12.697
4075.000 0.101 0.303 12.697
4080.000 0.101 0.303 12.697
4085.000 0.101 0.303 12.697
4090.000 0.101 0.303 12.697
4095.000 0.101 0.303 12.697
4100.000 0.101 0.303 12.697
4105.000 0.101 0.303 12.697
