0.000 0.000 0.000 0.000 0.000 0.000
5.000 0.000 0.000 0.000 0.000 0.000
10.000 0.000 0.000 0.000 0.000 0.000
15.000 0.000 0.000 0.000 0.000 0.000
20.000 0.000 0.000 0.000 0.000 0.000
25.000 0.000 0.000 0.000 0.000 0.000
30.000 0.000 0.000 0.000 0.000 0.000
35.000 0.000 0.000 0.000 0.000 0.000
40.000 0.000 0.000 0.000 0.000 0.000
45.000 0.000 0.000 0.000 0.000 0.000
50.000 0.000 0.000 0.000 0.000 0.000
55.000 0.000 0.000 0.000 0.000 0.000
60.000 0.000 0.000 0.000 0.000 0.000
65.000 0.000 0.000 0.000 0.000 0.000
70.000 0.000 0.000 0.000 0.000 0.000
75.000 0.000 0.000 0.000 0.000 0.000
80.000 0.000 0.000 0.000 0.000 0.000
85.000 0.000 0.000 0.000 0.000 0.000
90.000 0.000 0.000 0.000 0.000 0.000
95.000 0.000 0.000 0.000 0.000 0.000
100.000 0.000 0.000 0.000 0.000 0.000
105.000 0.000 0.000 0.000 0.000 0.000
110.000 0.000 0.000 0.000 0.000 0.000
115.000 0.000 0.000 0.000 0.000 0.000
120.000 0.000 0.000 0.000 0.000 0.000
125.000 0.000 0.000 0.000 0.000 0.000
130.000 0.000 0.000 0.000 0.000 0.000
135.000 0.000 0.000 0.000 0.000 0.000
140.000 0.000 0.000 0.000 0.000 0.000
145.000 0.000 0.000 0.000 0.000 0.000
150.000 0.000 0.000 0.000 0.000 0.000
155.000 0.000 0.000 0.000 0.000 0.000
160.000 0.000 0.000 0.000 0.000 0.000
165.000 0.000 0.000 0.000 0.000 0.000
170.000 0.000 0.000 0.000 0.000 0.000
175.000 0.000 0.000 0.000 0.000 0.000
180.000 0.000 0.000 0.000 0.000 0.000
185.000 0.000 0.000 0.000 0.000 0.000
190.000 0.000 0.000 0.000 0.000 0.000
195.000 0.000 0.000 0.000 0.000 0.000
200.000 0.000 0.000 0.000 0.000 0.000
205.000 0.000 0.000 0.000 0.000 0.000
210.000 0.000 0.000 0.000 0.000 0.000
215.000 0.000 0.000 0.000 0.000 0.000
220.000 0.000 0.000 0.000 0.000 0.000
225.000 0.000 0.000 0.000 0.000 0.000
230.000 0.000 0.000 0.000 0.000 0.000
235.000 0.000 0.000 0.000 0.000 0.000
240.000 0.000 0.000 0.000 0.000 0.000
245.000 0.000 0.000 0.000 0.000 0.000
250.000 0.000 0.000 0.000 0.000 0.000
255.000 0.000 0.000 0.000 0.000 0.000
260.000 0.000 0.000 0.000 0.000 0.000
265.000 0.000 0.000 0.000 0.000 0.000
270.000 0.000 0.000 0.000 0.000 0.000
275.000 0.000 0.000 0.000 0.000 0.000
280.000 0.000 0.000 0.000 0.000 0.000
285.000 0.000 0.000 0.000 0.000 0.000
290.000 0.000 0.000 0.000 0.000 0.000
295.000 0.000 0.000 0.000 0.000 0.000
300.000 0.000 0.000 0.000 0.000 0.000
305.000 0.000 0.000 0.000 0.000 0.000
310.000 0.000 0.000 0.000 0.000 0.000
315.000 0.000 0.000 0.000 0.000 0.000
320.000 0.000 0.000 0.000 0.000 0.000
325.000 0.000 0.000 0.000 0.000 0.000
330.000 0.000 0.000 0.000 0.000 0.000
335.000 0.000 0.000 0.000 0.000 0.000
340.000 0.000 0.000 0.000 0.000 0.000
345.000 0.000 0.000 0.000 0.000 0.000
350.000 0.000 0.000 0.000 0.000 0.000
355.000 0.000 0.000 0.000 0.000 0.000
360.000 0.000 0.000 0.000 0.000 0.000
365.000 0.000 0.000 0.000 0.000 0.000
370.000 0.000 0.000 0.000 0.000 0.000
375.000 0.000 0.000 0.000 0.000 0.000
380.000 0.000 0.000 0.000 0.000 0.000
385.000 0.000 0.000 0.000 0.000 0.000
390.000 0.000 0.000 0.000 0.000 0.000
395.000 0.001 0.001 0.000 0.000 0.000
400.000 0.001 0.001 0.000 0.000 0.000
405.000 0.001 0.001 0.000 0.001 0.001
410.000 0.001 0.001 0.000 0.001 0.001
415.000 0.001 0.001 0.000 0.001 0.001
420.000 0.001 0.001 0.000 0.001 0.001
425.000 0.001 0.001 0.000 0.001 0.001
430.000 0.001 0.001 0.000 0.001 0.001
435.000 0.001 0.001 0.000 0.001 0.001
440.000 0.001 0.001 0.000 0.001 0.001
445.000 0.001 0.001 0.000 0.001 0.001
450.000 0.001 0.001 0.000 0.001 0.001
455.000 0.001 0.001 0.000 0.001 0.001
460.000 0.001 0.001 0.000 0.001 0.001
465.000 0.001 0.001 0.000 0.001 0.001
470.000 0.001 0.001 0.000 0.001 0.001
475.000 0.001 0.001 0.000 0.001 0.001
480.000 0.001 0.001 0.000 0.001 0.001
485.000 0.001 0.001 0.000 0.001 0.001
490.000 0.001 0.001 0.000 0.001 0.001
495.000 0.001 0.001 0.001 0.001 0.001
500.000 0.001 0.001 0.001 0.001 0.001
505.000 0.001 0.001 0.001 0.001 0.001
510.000 0.001 0.001 0.001 0.001 0.001
515.000 0.001 0.001 0.001 0.001 0.001
520.000 0.001 0.001 0.001 0.001 0.001
525.000 0.001 0.001 0.001 0.001 0.001
530.000 0.001 0.001 0.001 0.001 0.001
535.000 0.001 0.001 0.001 0.001 0.001
540.000 0.001 0.001 0.001 0.001 0.001
545.000 0.001 0.001 0.001 0.001 0.001
550.000 0.001 0.001 0.001 0.001 0.001
555.000 0.001 0.001 0.001 0.001 0.001
560.000 0.001 0.001 0.001 0.001 0.001
565.000 0.001 0.001 0.001 0.001 0.001
570.000 0.001 0.001 0.001 0.001 0.001
575.000 0.001 0.001 0.001 0.001 0.001
580.000 0.002 0.002 0.001 0.001 0.001
585.000 0.002 0.002 0.001 0.001 0.001
590.000 0.002 0.002 0.001 0.001 0.001
595.000 0.002 0.002 0.001 0.001 0.002
600.000 0.002 0.002 0.001 0.001 0.002
605.000 0.002 0.002 0.001 0.001 0.002
610.000 0.002 0.002 0.001 0.001 0.002
615.000 0.002 0.002 0.001 0.001 0.002
620.000 0.002 0.002 0.001 0.001 0.002
625.000 0.002 0.002 0.001 0.001 0.002
630.000 0.002 0.002 0.001 0.001 0.002
635.000 0.002 0.002 0.001 0.001 0.002
640.000 0.002 0.002 0.001 0.002 0.002
645.000 0.002 0.002 0.001 0.002 0.002
650.000 0.002 0.002 0.001 0.002 0.002
655.000 0.002 0.002 0.001 0.002 0.002
660.000 0.002 0.002 0.001 0.002 0.002
665.000 0.002 0.002 0.001 0.002 0.002
670.000 0.002 0.002 0.001 0.002 0.002
675.000 0.002 0.002 0.001 0.002 0.002
680.000 0.003 0.002 0.001 0.002 0.002
685.000 0.003 0.002 0.001 0.002 0.002
690.000 0.003 0.003 0.001 0.002 0.003
695.000 0.003 0.003 0.001 0.002 0.003
700.000 0.003 0.003 0.001 0.002 0.003
705.000 0.003 0.003 0.001 0.002 0.003
710.000 0.003 0.003 0.001 0.002 0.003
715.000 0.003 0.003 0.001 0.002 0.003
720.000 0.003 0.003 0.001 0.002 0.003
725.000 0.003 0.003 0.001 0.002 0.003
730.000 0.003 0.003 0.001 0.002 0.003
735.000 0.003 0.003 0.001 0.002 0.003
740.000 0.003 0.003 0.001 0.002 0.003
745.000 0.003 0.003 0.001 0.002 0.003
750.000 0.003 0.003 0.001 0.002 0.003
755.000 0.003 0.003 0.002 0.002 0.004
760.000 0.004 0.003 0.002 0.002 0.004
765.000 0.004 0.003 0.002 0.002 0.004
770.000 0.004 0.003 0.002 0.002 0.004
775.000 0.004 0.004 0.002 0.002 0.004
780.000 0.004 0.004 0.002 0.002 0.004
785.000 0.004 0.004 0.002 0.003 0.004
790.000 0.004 0.004 0.002 0.003 0.004
795.000 0.004 0.004 0.002 0.003 0.004
800.000 0.004 0.004 0.002 0.003 0.004
805.000 0.004 0.004 0.002 0.003 0.005
810.000 0.004 0.004 0.002 0.003 0.005
815.000 0.004 0.004 0.002 0.003 0.005
820.000 0.005 0.004 0.002 0.003 0.005
825.000 0.005 0.004 0.002 0.003 0.005
830.000 0.005 0.004 0.002 0.003 0.005
835.000 0.005 0.004 0.002 0.003 0.005
840.000 0.005 0.004 0.002 0.003 0.005
845.000 0.005 0.004 0.002 0.003 0.006
850.000 0.005 0.005 0.002 0.003 0.006
855.000 0.005 0.005 0.002 0.003 0.006
860.000 0.005 0.005 0.002 0.003 0.006
865.000 0.005 0.005 0.002 0.003 0.006
870.000 0.005 0.005 0.002 0.003 0.006
875.000 0.006 0.005 0.002 0.003 0.006
880.000 0.006 0.005 0.002 0.003 0.007
885.000 0.006 0.005 0.002 0.004 0.007
890.000 0.006 0.005 0.002 0.004 0.007
895.000 0.006 0.005 0.003 0.004 0.007
900.000 0.006 0.005 0.003 0.004 0.007
905.000 0.006 0.005 0.003 0.004 0.007
910.000 0.006 0.005 0.003 0.004 0.008
915.000 0.006 0.006 0.003 0.004 0.008
920.000 0.006 0.006 0.003 0.004 0.008
925.000 0.007 0.006 0.003 0.004 0.008
930.000 0.007 0.006 0.003 0.004 0.008
935.000 0.007 0.006 0.003 0.004 0.009
940.000 0.007 0.006 0.003 0.004 0.009
945.000 0.007 0.006 0.003 0.004 0.009
950.000 0.007 0.006 0.003 0.004 0.009
955.000 0.007 0.006 0.003 0.004 0.009
960.000 0.007 0.006 0.003 0.005 0.010
965.000 0.007 0.006 0.003 0.005 0.010
970.000 0.007 0.006 0.003 0.005 0.010
975.000 0.008 0.006 0.003 0.005 0.010
980.000 0.008 0.007 0.003 0.005 0.010
985.000 0.008 0.007 0.003 0.005 0.011
990.000 0.008 0.007 0.004 0.005 0.011
995.000 0.008 0.007 0.004 0.005 0.011
1000.000 0.008 0.007 0.004 0.005 0.011
1005.000 0.008 0.007 0.004 0.005 0.012
1010.000 0.008 0.007 0.004 0.005 0.012
1015.000 0.009 0.007 0.004 0.005 0.012
1020.000 0.009 0.007 0.004 0.005 0.012
1025.000 0.009 0.007 0.004 0.006 0.013
1030.000 0.009 0.007 0.004 0.006 0.013
1035.000 0.009 0.007 0.004 0.006 0.013
1040.000 0.009 0.008 0.004 0.006 0.013
1045.000 0.009 0.008 0.004 0.006 0.014
1050.000 0.009 0.008 0.004 0.006 0.014
1055.000 0.010 0.008 0.004 0.006 0.014
1060.000 0.010 0.008 0.004 0.006 0.014
1065.000 0.010 0.008 0.005 0.006 0.015
1070.000 0.010 0.008 0.005 0.006 0.015
1075.000 0.010 0.008 0.005 0.007 0.015
1080.000 0.010 0.008 0.005 0.007 0.016
1085.000 0.010 0.008 0.005 0.007 0.016
1090.000 0.010 0.008 0.005 0.007 0.016
1095.000 0.011 0.008 0.005 0.007 0.017
1100.000 0.011 0.009 0.005 0.007 0.017
1105.000 0.011 0.009 0.005 0.007 0.017
1110.000 0.011 0.009 0.005 0.007 0.017
1115.000 0.011 0.009 0.005 0.007 0.018
1120.000 0.011 0.009 0.005 0.008 0.018
1125.000 0.011 0.009 0.006 0.008 0.018
1130.000 0.011 0.009 0.006 0.008 0.019
1135.000 0.012 0.009 0.006 0.008 0.019
1140.000 0.012 0.009 0.006 0.008 0.019
1145.000 0.012 0.009 0.006 0.008 0.020
1150.000 0.012 0.009 0.006 0.008 0.020
1155.000 0.012 0.009 0.006 0.008 0.021
1160.000 0.012 0.010 0.006 0.009 0.021
1165.000 0.012 0.010 0.006 0.009 0.021
1170.000 0.012 0.010 0.006 0.009 0.022
1175.000 0.013 0.010 0.006 0.009 0.022
1180.000 0.013 0.010 0.007 0.009 0.022
1185.000 0.013 0.010 0.007 0.009 0.023
1190.000 0.013 0.010 0.007 0.009 0.023
1195.000 0.013 0.010 0.007 0.010 0.023
1200.000 0.013 0.010 0.007 0.010 0.024
1205.000 0.013 0.010 0.007 0.010 0.024
1210.000 0.014 0.010 0.007 0.010 0.025
1215.000 0.014 0.011 0.007 0.010 0.025
1220.000 0.014 0.011 0.007 0.010 0.025
1225.000 0.014 0.011 0.008 0.011 0.026
1230.000 0.014 0.011 0.008 0.011 0.026
1235.000 0.014 0.011 0.008 0.011 0.027
1240.000 0.014 0.011 0.008 0.011 0.027
1245.000 0.014 0.011 0.008 0.011 0.027
1250.000 0.015 0.011 0.008 0.011 0.028
1255.000 0.015 0.011 0.008 0.012 0.028
1260.000 0.015 0.011 0.008 0.012 0.029
1265.000 0.015 0.011 0.009 0.012 0.029
1270.000 0.015 0.012 0.009 0.012 0.030
1275.000 0.015 0.012 0.009 0.012 0.030
1280.000 0.015 0.012 0.009 0.013 0.030
1285.000 0.016 0.012 0.009 0.013 0.031
1290.000 0.016 0.012 0.009 0.013 0.031
1295.000 0.016 0.012 0.009 0.013 0.032
1300.000 0.016 0.012 0.009 0.013 0.032
1305.000 0.016 0.012 0.010 0.014 0.033
1310.000 0.016 0.012 0.010 0.014 0.033
1315.000 0.016 0.012 0.010 0.014 0.033
1320.000 0.016 0.012 0.010 0.014 0.034
1325.000 0.017 0.013 0.010 0.014 0.034
1330.000 0.017 0.013 0.010 0.015 0.035
1335.000 0.017 0.013 0.011 0.015 0.035
1340.000 0.017 0.013 0.011 0.015 0.036
1345.000 0.017 0.013 0.011 0.015 0.036
1350.000 0.017 0.013 0.011 0.015 0.037
1355.000 0.017 0.013 0.011 0.016 0.037
1360.000 0.018 0.013 0.011 0.016 0.038
1365.000 0.018 0.013 0.011 0.016 0.038
1370.000 0.018 0.013 0.012 0.016 0.039
1375.000 0.018 0.014 0.012 0.017 0.039
1380.000 0.018 0.014 0.012 0.017 0.039
1385.000 0.018 0.014 0.012 0.017 0.040
1390.000 0.018 0.014 0.012 0.017 0.040
1395.000 0.019 0.014 0.013 0.018 0.041
1400.000 0.019 0.014 0.013 0.018 0.041
1405.000 0.019 0.014 0.013 0.018 0.042
1410.000 0.019 0.014 0.013 0.019 0.042
1415.000 0.019 0.014 0.013 0.019 0.043
1420.000 0.019 0.014 0.013 0.019 0.043
1425.000 0.019 0.015 0.014 0.019 0.044
1430.000 0.019 0.015 0.014 0.020 0.044
1435.000 0.020 0.015 0.014 0.020 0.045
1440.000 0.020 0.015 0.014 0.020 0.045
1445.000 0.020 0.015 0.014 0.021 0.046
1450.000 0.020 0.015 0.015 0.021 0.046
1455.000 0.020 0.015 0.015 0.021 0.047
1460.000 0.020 0.015 0.015 0.021 0.047
1465.000 0.020 0.015 0.015 0.022 0.048
1470.000 0.021 0.016 0.016 0.022 0.048
1475.000 0.021 0.016 0.016 0.022 0.049
1480.000 0.021 0.016 0.016 0.023 0.050
1485.000 0.021 0.016 0.016 0.023 0.050
1490.000 0.021 0.016 0.016 0.023 0.051
1495.000 0.021 0.016 0.017 0.024 0.051
1500.000 0.021 0.016 0.017 0.024 0.052
1505.000 0.022 0.016 0.017 0.024 0.052
1510.000 0.022 0.016 0.017 0.025 0.053
1515.000 0.022 0.017 0.018 0.025 0.053
1520.000 0.022 0.017 0.018 0.025 0.054
1525.000 0.022 0.017 0.018 0.026 0.054
1530.000 0.022 0.017 0.018 0.026 0.055
1535.000 0.022 0.017 0.019 0.026 0.056
1540.000 0.023 0.017 0.019 0.027 0.056
1545.000 0.023 0.017 0.019 0.027 0.057
1550.000 0.023 0.018 0.020 0.027 0.057
1555.000 0.023 0.018 0.020 0.028 0.058
1560.000 0.023 0.018 0.020 0.028 0.058
1565.000 0.023 0.018 0.020 0.028 0.059
1570.000 0.023 0.018 0.021 0.029 0.060
1575.000 0.024 0.018 0.021 0.029 0.060
1580.000 0.024 0.018 0.021 0.030 0.061
1585.000 0.024 0.018 0.022 0.030 0.061
1590.000 0.024 0.019 0.022 0.030 0.062
1595.000 0.024 0.019 0.022 0.031 0.063
1600.000 0.024 0.019 0.023 0.031 0.063
1605.000 0.024 0.019 0.023 0.032 0.064
1610.000 0.025 0.019 0.023 0.032 0.065
1615.000 0.025 0.019 0.024 0.032 0.065
1620.000 0.025 0.020 0.024 0.033 0.066
1625.000 0.025 0.020 0.024 0.033 0.067
1630.000 0.025 0.020 0.025 0.034 0.067
1635.000 0.025 0.020 0.025 0.034 0.068
1640.000 0.026 0.020 0.025 0.034 0.069
1645.000 0.026 0.020 0.026 0.035 0.069
1650.000 0.026 0.020 0.026 0.035 0.070
1655.000 0.026 0.021 0.026 0.036 0.071
1660.000 0.026 0.021 0.027 0.036 0.071
1665.000 0.026 0.021 0.027 0.036 0.072
1670.000 0.026 0.021 0.028 0.037 0.073
1675.000 0.027 0.021 0.028 0.037 0.074
1680.000 0.027 0.022 0.028 0.038 0.074
1685.000 0.027 0.022 0.029 0.038 0.075
1690.000 0.027 0.022 0.029 0.039 0.076
1695.000 0.027 0.022 0.030 0.039 0.077
1700.000 0.027 0.022 0.030 0.040 0.078
1705.000 0.028 0.022 0.031 0.040 0.078
1710.000 0.028 0.023 0.031 0.040 0.079
1715.000 0.028 0.023 0.032 0.041 0.080
1720.000 0.028 0.023 0.032 0.041 0.081
1725.000 0.028 0.023 0.032 0.042 0.082
1730.000 0.028 0.023 0.033 0.042 0.083
1735.000 0.029 0.024 0.033 0.043 0.083
1740.000 0.029 0.024 0.034 0.043 0.084
1745.000 0.029 0.024 0.034 0.044 0.085
1750.000 0.029 0.024 0.035 0.044 0.086
1755.000 0.029 0.025 0.035 0.045 0.087
1760.000 0.030 0.025 0.036 0.045 0.088
1765.000 0.030 0.025 0.037 0.046 0.089
1770.000 0.030 0.025 0.037 0.046 0.090
1775.000 0.030 0.025 0.038 0.047 0.091
1780.000 0.030 0.026 0.038 0.047 0.092
1785.000 0.031 0.026 0.039 0.048 0.093
1790.000 0.031 0.026 0.039 0.048 0.094
1795.000 0.031 0.026 0.040 0.049 0.095
1800.000 0.031 0.027 0.041 0.049 0.096
1805.000 0.031 0.027 0.041 0.050 0.097
1810.000 0.032 0.027 0.042 0.050 0.098
1815.000 0.032 0.028 0.042 0.051 0.099
1820.000 0.032 0.028 0.043 0.051 0.100
1825.000 0.032 0.028 0.044 0.052 0.101
1830.000 0.032 0.028 0.044 0.052 0.103
1835.000 0.033 0.029 0.045 0.053 0.104
1840.000 0.033 0.029 0.046 0.053 0.105
1845.000 0.033 0.029 0.046 0.054 0.106
1850.000 0.033 0.030 0.047 0.054 0.107
1855.000 0.034 0.030 0.048 0.055 0.109
1860.000 0.034 0.030 0.049 0.055 0.110
1865.000 0.034 0.031 0.049 0.056 0.111
1870.000 0.034 0.031 0.050 0.056 0.113
1875.000 0.034 0.031 0.051 0.057 0.114
1880.000 0.035 0.032 0.052 0.057 0.115
1885.000 0.035 0.032 0.052 0.058 0.117
1890.000 0.035 0.032 0.053 0.059 0.118
1895.000 0.036 0.033 0.054 0.059 0.119
1900.000 0.036 0.033 0.055 0.060 0.121
1905.000 0.036 0.033 0.056 0.060 0.122
1910.000 0.036 0.034 0.056 0.061 0.124
1915.000 0.037 0.034 0.057 0.061 0.125
1920.000 0.037 0.035 0.058 0.062 0.127
1925.000 0.037 0.035 0.059 0.063 0.128
1930.000 0.037 0.035 0.060 0.063 0.130
1935.000 0.038 0.036 0.061 0.064 0.131
1940.000 0.038 0.036 0.062 0.064 0.133
1945.000 0.038 0.037 0.063 0.065 0.135
1950.000 0.039 0.037 0.064 0.066 0.136
1955.000 0.039 0.038 0.065 0.066 0.138
1960.000 0.039 0.038 0.066 0.067 0.140
1965.000 0.040 0.038 0.067 0.067 0.141
1970.000 0.040 0.039 0.068 0.068 0.143
1975.000 0.040 0.039 0.069 0.069 0.145
1980.000 0.041 0.040 0.070 0.069 0.146
1985.000 0.041 0.040 0.071 0.070 0.148
1990.000 0.041 0.041 0.072 0.070 0.150
1995.000 0.042 0.042 0.073 0.071 0.152
2000.000 0.042 0.042 0.074 0.072 0.154
2005.000 0.042 0.043 0.076 0.072 0.156
2010.000 0.043 0.043 0.077 0.073 0.158
2015.000 0.043 0.044 0.078 0.074 0.159
2020.000 0.044 0.044 0.079 0.074 0.161
2025.000 0.044 0.045 0.080 0.075 0.163
2030.000 0.045 0.046 0.082 0.076 0.165
2035.000 0.045 0.046 0.083 0.076 0.167
2040.000 0.045 0.047 0.084 0.077 0.169
2045.000 0.046 0.047 0.086 0.078 0.171
2050.000 0.046 0.048 0.087 0.079 0.174
2055.000 0.047 0.049 0.088 0.079 0.176
2060.000 0.047 0.049 0.090 0.080 0.178
2065.000 0.048 0.050 0.091 0.081 0.180
2070.000 0.048 0.051 0.092 0.081 0.182
2075.000 0.049 0.052 0.094 0.082 0.184
2080.000 0.049 0.052 0.095 0.083 0.186
2085.000 0.050 0.053 0.097 0.084 0.189
2090.000 0.050 0.054 0.098 0.084 0.191
2095.000 0.051 0.055 0.100 0.085 0.193
2100.000 0.051 0.055 0.101 0.086 0.196
2105.000 0.052 0.056 0.103 0.087 0.198
2110.000 0.052 0.057 0.104 0.088 0.200
2115.000 0.053 0.058 0.106 0.088 0.203
2120.000 0.054 0.059 0.108 0.089 0.205
2125.000 0.054 0.060 0.109 0.090 0.207
2130.000 0.055 0.061 0.111 0.091 0.210
2135.000 0.055 0.062 0.113 0.092 0.212
2140.000 0.056 0.063 0.114 0.092 0.215
2145.000 0.057 0.063 0.116 0.093 0.217
2150.000 0.057 0.064 0.118 0.094 0.220
2155.000 0.058 0.065 0.120 0.095 0.222
2160.000 0.059 0.066 0.121 0.096 0.225
2165.000 0.060 0.068 0.123 0.097 0.227
2170.000 0.060 0.069 0.125 0.098 0.230
2175.000 0.061 0.070 0.127 0.099 0.233
2180.000 0.062 0.071 0.129 0.100 0.235
2185.000 0.063 0.072 0.131 0.101 0.238
2190.000 0.063 0.073 0.133 0.101 0.241
2195.000 0.064 0.074 0.135 0.102 0.244
2200.000 0.065 0.075 0.137 0.103 0.246
2205.000 0.066 0.077 0.139 0.104 0.249
2210.000 0.067 0.078 0.141 0.105 0.252
2215.000 0.068 0.079 0.143 0.106 0.255
2220.000 0.069 0.080 0.145 0.107 0.258
2225.000 0.070 0.082 0.147 0.108 0.260
2230.000 0.070 0.083 0.149 0.109 0.263
2235.000 0.071 0.084 0.152 0.110 0.266
2240.000 0.072 0.086 0.154 0.111 0.269
2245.000 0.073 0.087 0.156 0.113 0.272
2250.000 0.075 0.089 0.158 0.114 0.275
2255.000 0.076 0.090 0.161 0.115 0.278
2260.000 0.077 0.091 0.163 0.116 0.281
2265.000 0.078 0.093 0.165 0.117 0.284
2270.000 0.079 0.095 0.168 0.118 0.288
2275.000 0.080 0.096 0.170 0.119 0.291
2280.000 0.081 0.098 0.173 0.120 0.294
2285.000 0.082 0.099 0.175 0.121 0.297
2290.000 0.084 0.101 0.177 0.123 0.300
2295.000 0.085 0.103 0.180 0.124 0.304
2300.000 0.086 0.104 0.183 0.125 0.307
2305.000 0.087 0.106 0.185 0.126 0.310
2310.000 0.089 0.108 0.188 0.127 0.314
2315.000 0.090 0.110 0.190 0.129 0.317
2320.000 0.091 0.112 0.193 0.130 0.321
2325.000 0.093 0.113 0.196 0.131 0.324
2330.000 0.094 0.115 0.198 0.133 0.328
2335.000 0.096 0.117 0.201 0.134 0.331
2340.000 0.097 0.119 0.204 0.135 0.335
2345.000 0.099 0.121 0.206 0.136 0.339
2350.000 0.100 0.123 0.209 0.138 0.342
2355.000 0.102 0.125 0.212 0.139 0.346
2360.000 0.104 0.127 0.215 0.141 0.350
2365.000 0.105 0.129 0.218 0.142 0.354
2370.000 0.107 0.132 0.221 0.143 0.358
2375.000 0.109 0.134 0.224 0.145 0.361
2380.000 0.110 0.136 0.226 0.146 0.365
2385.000 0.112 0.138 0.229 0.148 0.369
2390.000 0.114 0.140 0.232 0.149 0.374
2395.000 0.116 0.143 0.235 0.150 0.378
2400.000 0.118 0.145 0.239 0.152 0.382
2405.000 0.120 0.148 0.242 0.153 0.386
2410.000 0.122 0.150 0.245 0.155 0.390
2415.000 0.124 0.152 0.248 0.157 0.394
2420.000 0.126 0.155 0.251 0.158 0.399
2425.000 0.128 0.157 0.254 0.160 0.403
2430.000 0.130 0.160 0.257 0.161 0.408
2435.000 0.132 0.163 0.261 0.163 0.412
2440.000 0.134 0.165 0.264 0.164 0.417
2445.000 0.136 0.168 0.267 0.166 0.421
2450.000 0.139 0.171 0.270 0.168 0.426
2455.000 0.141 0.173 0.274 0.169 0.431
2460.000 0.143 0.176 0.277 0.171 0.436
2465.000 0.146 0.179 0.280 0.173 0.440
2470.000 0.148 0.182 0.284 0.174 0.445
2475.000 0.150 0.185 0.287 0.176 0.450
2480.000 0.153 0.187 0.291 0.178 0.455
2485.000 0.155 0.190 0.294 0.179 0.460
2490.000 0.158 0.193 0.298 0.181 0.465
2495.000 0.161 0.196 0.301 0.183 0.471
2500.000 0.163 0.199 0.305 0.185 0.476
2505.000 0.166 0.203 0.308 0.186 0.481
2510.000 0.169 0.206 0.312 0.188 0.486
2515.000 0.171 0.209 0.316 0.190 0.492
2520.000 0.174 0.212 0.319 0.192 0.497
2525.000 0.177 0.215 0.323 0.194 0.503
2530.000 0.180 0.218 0.327 0.196 0.508
2535.000 0.183 0.222 0.330 0.197 0.514
2540.000 0.186 0.225 0.334 0.199 0.520
2545.000 0.189 0.228 0.338 0.201 0.525
2550.000 0.192 0.232 0.342 0.203 0.531
2555.000 0.195 0.235 0.345 0.205 0.537
2560.000 0.198 0.239 0.349 0.207 0.543
2565.000 0.201 0.242 0.353 0.209 0.549
2570.000 0.205 0.246 0.357 0.211 0.555
2575.000 0.208 0.249 0.361 0.213 0.561
2580.000 0.211 0.253 0.365 0.215 0.567
2585.000 0.214 0.257 0.369 0.217 0.574
2590.000 0.218 0.260 0.373 0.219 0.580
2595.000 0.221 0.264 0.377 0.221 0.586
2600.000 0.225 0.268 0.381 0.223 0.593
2605.000 0.228 0.271 0.385 0.225 0.599
2610.000 0.232 0.275 0.389 0.227 0.606
2615.000 0.235 0.279 0.393 0.230 0.612
2620.000 0.239 0.283 0.397 0.232 0.619
2625.000 0.243 0.287 0.401 0.234 0.625
2630.000 0.246 0.291 0.406 0.236 0.632
2635.000 0.250 0.295 0.410 0.238 0.639
2640.000 0.254 0.299 0.414 0.240 0.646
2645.000 0.258 0.303 0.418 0.243 0.653
2650.000 0.262 0.307 0.422 0.245 0.660
2655.000 0.265 0.311 0.427 0.247 0.667
2660.000 0.269 0.315 0.431 0.249 0.674
2665.000 0.273 0.319 0.435 0.252 0.681
2670.000 0.277 0.323 0.440 0.254 0.688
2675.000 0.281 0.327 0.444 0.256 0.695
2680.000 0.286 0.332 0.449 0.259 0.702
2685.000 0.290 0.336 0.453 0.261 0.709
2690.000 0.294 0.340 0.458 0.263 0.717
2695.000 0.298 0.345 0.462 0.266 0.724
2700.000 0.302 0.349 0.467 0.268 0.731
2705.000 0.306 0.353 0.471 0.271 0.739
2710.000 0.311 0.358 0.476 0.273 0.746
2715.000 0.315 0.362 0.480 0.275 0.754
2720.000 0.320 0.367 0.485 0.278 0.761
2725.000 0.324 0.371 0.490 0.280 0.769
2730.000 0.328 0.376 0.494 0.283 0.776
2735.000 0.333 0.380 0.499 0.286 0.784
2740.000 0.337 0.385 0.504 0.288 0.792
2745.000 0.342 0.389 0.509 0.291 0.799
2750.000 0.346 0.394 0.513 0.293 0.807
2755.000 0.351 0.399 0.518 0.296 0.815
2760.000 0.356 0.403 0.523 0.299 0.823
2765.000 0.360 0.408 0.528 0.301 0.830
2770.000 0.365 0.413 0.533 0.304 0.838
2775.000 0.370 0.418 0.538 0.307 0.846
2780.000 0.375 0.423 0.543 0.310 0.854
2785.000 0.379 0.427 0.548 0.312 0.862
2790.000 0.384 0.432 0.553 0.315 0.870
2795.000 0.389 0.437 0.558 0.318 0.878
2800.000 0.394 0.442 0.563 0.321 0.886
2805.000 0.399 0.447 0.568 0.324 0.894
2810.000 0.404 0.452 0.573 0.327 0.902
2815.000 0.409 0.457 0.579 0.330 0.910
2820.000 0.414 0.462 0.584 0.333 0.918
2825.000 0.419 0.467 0.589 0.336 0.926
2830.000 0.424 0.472 0.595 0.339 0.934
2835.000 0.429 0.478 0.600 0.342 0.942
2840.000 0.434 0.483 0.605 0.345 0.951
2845.000 0.440 0.488 0.611 0.348 0.959
2850.000 0.445 0.493 0.616 0.351 0.967
2855.000 0.450 0.498 0.622 0.354 0.975
2860.000 0.455 0.504 0.627 0.357 0.984
2865.000 0.461 0.509 0.633 0.360 0.992
2870.000 0.466 0.514 0.638 0.364 1.000
2875.000 0.471 0.520 0.644 0.367 1.008
2880.000 0.477 0.525 0.650 0.370 1.017
2885.000 0.482 0.531 0.656 0.374 1.025
2890.000 0.488 0.536 0.661 0.377 1.033
2895.000 0.493 0.542 0.667 0.380 1.042
2900.000 0.499 0.547 0.673 0.384 1.050
2905.000 0.504 0.553 0.679 0.387 1.058
2910.000 0.510 0.558 0.685 0.391 1.067
2915.000 0.516 0.564 0.691 0.394 1.075
2920.000 0.521 0.570 0.697 0.398 1.084
2925.000 0.527 0.576 0.703 0.402 1.092
2930.000 0.533 0.581 0.709 0.405 1.100
2935.000 0.539 0.587 0.715 0.409 1.109
2940.000 0.544 0.593 0.722 0.413 1.117
2945.000 0.550 0.599 0.728 0.416 1.126
2950.000 0.556 0.605 0.734 0.420 1.134
2955.000 0.562 0.611 0.741 0.424 1.143
2960.000 0.568 0.617 0.747 0.428 1.151
2965.000 0.574 0.623 0.754 0.432 1.160
2970.000 0.580 0.629 0.760 0.436 1.169
2975.000 0.586 0.635 0.767 0.440 1.177
2980.000 0.592 0.641 0.774 0.444 1.186
2985.000 0.598 0.648 0.780 0.448 1.194
2990.000 0.605 0.654 0.787 0.452 1.203
2995.000 0.611 0.660 0.794 0.456 1.212
3000.000 0.617 0.667 0.801 0.460 1.220
3005.000 0.623 0.673 0.808 0.464 1.229
3010.000 0.630 0.679 0.815 0.468 1.238
3015.000 0.636 0.686 0.822 0.472 1.246
3020.000 0.643 0.693 0.829 0.477 1.255
3025.000 0.649 0.699 0.836 0.481 1.264
3030.000 0.656 0.706 0.843 0.485 1.273
3035.000 0.662 0.712 0.850 0.490 1.282
3040.000 0.669 0.719 0.858 0.494 1.290
3045.000 0.676 0.726 0.865 0.498 1.299
3050.000 0.682 0.733 0.872 0.503 1.308
3055.000 0.689 0.740 0.880 0.507 1.317
3060.000 0.696 0.747 0.887 0.512 1.326
3065.000 0.703 0.754 0.895 0.516 1.335
3070.000 0.710 0.761 0.903 0.521 1.344
3075.000 0.717 0.768 0.910 0.525 1.353
3080.000 0.724 0.775 0.918 0.530 1.362
3085.000 0.731 0.782 0.926 0.534 1.371
3090.000 0.738 0.790 0.934 0.539 1.380
3095.000 0.745 0.797 0.942 0.544 1.389
3100.000 0.752 0.804 0.950 0.548 1.398
3105.000 0.760 0.812 0.958 0.553 1.407
3110.000 0.767 0.819 0.966 0.558 1.416
3115.000 0.774 0.827 0.974 0.563 1.426
3120.000 0.782 0.834 0.982 0.567 1.435
3125.000 0.789 0.842 0.991 0.572 1.444
3130.000 0.797 0.850 0.999 0.577 1.453
3135.000 0.804 0.858 1.007 0.582 1.463
3140.000 0.812 0.866 1.016 0.587 1.472
3145.000 0.820 0.873 1.024 0.591 1.481
3150.000 0.828 0.881 1.033 0.596 1.491
3155.000 0.835 0.889 1.041 0.601 1.500
3160.000 0.843 0.898 1.050 0.606 1.509
3165.000 0.851 0.906 1.058 0.611 1.519
3170.000 0.859 0.914 1.067 0.616 1.528
3175.000 0.867 0.922 1.076 0.621 1.538
3180.000 0.876 0.930 1.085 0.626 1.547
3185.000 0.884 0.939 1.094 0.630 1.557
3190.000 0.892 0.947 1.103 0.635 1.567
3195.000 0.900 0.956 1.112 0.640 1.576
3200.000 0.909 0.964 1.121 0.645 1.586
3205.000 0.917 0.973 1.130 0.650 1.596
3210.000 0.926 0.982 1.139 0.655 1.606
3215.000 0.934 0.990 1.148 0.660 1.615
3220.000 0.943 0.999 1.157 0.665 1.625
3225.000 0.952 1.008 1.166 0.670 1.635
3230.000 0.960 1.017 1.176 0.675 1.645
3235.000 0.969 1.026 1.185 0.680 1.655
3240.000 0.978 1.035 1.194 0.685 1.665
3245.000 0.987 1.044 1.204 0.690 1.675
3250.000 0.996 1.053 1.213 0.694 1.685
3255.000 1.005 1.062 1.223 0.699 1.695
3260.000 1.014 1.071 1.232 0.704 1.705
3265.000 1.023 1.081 1.242 0.709 1.715
3270.000 1.032 1.090 1.251 0.714 1.725
3275.000 1.042 1.099 1.261 0.719 1.735
3280.000 1.051 1.109 1.271 0.724 1.745
3285.000 1.060 1.118 1.280 0.729 1.755
3290.000 1.070 1.128 1.290 0.733 1.766
3295.000 1.079 1.137 1.300 0.738 1.776
3300.000 1.089 1.147 1.310 0.743 1.786
3305.000 1.098 1.157 1.320 0.748 1.797
3310.000 1.108 1.166 1.330 0.752 1.807
3315.000 1.118 1.176 1.340 0.757 1.817
3320.000 1.127 1.186 1.350 0.762 1.828
3325.000 1.137 1.196 1.360 0.766 1.838
3330.000 1.147 1.206 1.370 0.771 1.849
3335.000 1.157 1.216 1.380 0.776 1.859
3340.000 1.167 1.226 1.390 0.780 1.870
3345.000 1.177 1.236 1.400 0.785 1.880
3350.000 1.187 1.246 1.410 0.789 1.891
3355.000 1.197 1.256 1.420 0.794 1.901
3360.000 1.207 1.266 1.431 0.798 1.912
3365.000 1.217 1.276 1.441 0.803 1.923
3370.000 1.228 1.287 1.451 0.807 1.933
3375.000 1.238 1.297 1.462 0.812 1.944
3380.000 1.248 1.307 1.472 0.816 1.955
3385.000 1.259 1.318 1.483 0.821 1.966
3390.000 1.269 1.328 1.493 0.825 1.976
3395.000 1.280 1.339 1.504 0.829 1.987
3400.000 1.290 1.349 1.514 0.834 1.998
3405.000 1.301 1.360 1.525 0.838 2.009
3410.000 1.311 1.370 1.535 0.842 2.020
3415.000 1.322 1.381 1.546 0.846 2.031
3420.000 1.333 1.392 1.557 0.850 2.042
3425.000 1.343 1.402 1.567 0.854 2.052
3430.000 1.354 1.413 1.578 0.859 2.063
3435.000 1.365 1.424 1.589 0.863 2.074
3440.000 1.376 1.435 1.600 0.867 2.085
3445.000 1.387 1.446 1.611 0.871 2.097
3450.000 1.397 1.456 1.621 0.875 2.108
3455.000 1.408 1.467 1.632 0.878 2.119
3460.000 1.419 1.478 1.643 0.882 2.130
3465.000 1.430 1.489 1.654 0.886 2.141
3470.000 1.442 1.500 1.666 0.890 2.152
3475.000 1.453 1.512 1.677 0.894 2.163
3480.000 1.464 1.523 1.688 0.898 2.174
3485.000 1.475 1.534 1.699 0.901 2.186
3490.000 1.486 1.545 1.710 0.905 2.197
3495.000 1.498 1.556 1.722 0.909 2.208
3500.000 1.509 1.568 1.733 0.912 2.219
3505.000 1.520 1.579 1.744 0.916 2.231
3510.000 1.532 1.590 1.756 0.919 2.242
3515.000 1.543 1.602 1.767 0.923 2.253
3520.000 1.555 1.613 1.779 0.926 2.265
3525.000 1.566 1.625 1.790 0.930 2.276
3530.000 1.578 1.636 1.802 0.933 2.287
3535.000 1.589 1.648 1.814 0.937 2.299
3540.000 1.601 1.659 1.825 0.940 2.310
3545.000 1.612 1.671 1.837 0.943 2.322
3550.000 1.624 1.683 1.849 0.947 2.333
3555.000 1.636 1.694 1.861 0.950 2.345
3560.000 1.648 1.706 1.873 0.953 2.356
3565.000 1.660 1.718 1.885 0.956 2.368
3570.000 1.671 1.730 1.897 0.960 2.379
3575.000 1.683 1.742 1.909 0.963 2.391
3580.000 1.695 1.754 1.921 0.966 2.403
3585.000 1.707 1.766 1.933 0.969 2.414
3590.000 1.720 1.778 1.946 0.972 2.426
3595.000 1.732 1.790 1.958 0.975 2.437
3600.000 1.744 1.802 1.971 0.978 2.449
3605.000 1.756 1.815 1.983 0.981 2.461
3610.000 1.768 1.827 1.996 0.984 2.473
3615.000 1.781 1.839 2.008 0.987 2.484
3620.000 1.793 1.852 2.021 0.990 2.496
3625.000 1.805 1.864 2.034 0.993 2.508
3630.000 1.818 1.877 2.047 0.995 2.520
3635.000 1.830 1.889 2.059 0.998 2.531
3640.000 1.843 1.902 2.072 1.001 2.543
3645.000 1.856 1.914 2.085 1.004 2.555
3650.000 1.868 1.927 2.099 1.006 2.567
3655.000 1.881 1.940 2.112 1.009 2.579
3660.000 1.894 1.953 2.125 1.012 2.591
3665.000 1.907 1.966 2.138 1.014 2.603
3670.000 1.920 1.979 2.152 1.017 2.615
3675.000 1.933 1.992 2.165 1.020 2.627
3680.000 1.946 2.005 2.179 1.022 2.639
3685.000 1.959 2.018 2.193 1.025 2.651
3690.000 1.972 2.032 2.206 1.027 2.663
3695.000 1.985 2.045 2.220 1.030 2.675
3700.000 1.999 2.058 2.234 1.032 2.687
3705.000 2.012 2.072 2.248 1.035 2.699
3710.000 2.025 2.085 2.262 1.037 2.712
3715.000 2.039 2.099 2.276 1.040 2.724
3720.000 2.053 2.113 2.290 1.042 2.736
3725.000 2.066 2.127 2.304 1.045 2.748
3730.000 2.080 2.141 2.319 1.047 2.761
3735.000 2.094 2.154 2.333 1.049 2.773
3740.000 2.108 2.168 2.348 1.052 2.785
3745.000 2.122 2.183 2.362 1.054 2.798
3750.000 2.136 2.197 2.377 1.056 2.810
3755.000 2.150 2.211 2.392 1.059 2.823
3760.000 2.164 2.225 2.407 1.061 2.835
3765.000 2.178 2.240 2.422 1.063 2.848
3770.000 2.193 2.254 2.437 1.065 2.860
3775.000 2.207 2.269 2.452 1.068 2.873
3780.000 2.221 2.283 2.467 1.070 2.885
3785.000 2.236 2.298 2.482 1.072 2.898
3790.000 2.251 2.313 2.497 1.074 2.910
3795.000 2.265 2.328 2.513 1.077 2.923
3800.000 2.280 2.343 2.528 1.079 2.936
3805.000 2.295 2.358 2.544 1.081 2.949
3810.000 2.310 2.373 2.559 1.083 2.961
3815.000 2.325 2.388 2.575 1.085 2.974
3820.000 2.340 2.404 2.591 1.088 2.987
3825.000 2.356 2.419 2.607 1.090 3.000
3830.000 2.371 2.434 2.623 1.092 3.013
3835.000 2.386 2.450 2.639 1.094 3.026
3840.000 2.402 2.466 2.655 1.096 3.039
3845.000 2.417 2.481 2.671 1.098 3.052
3850.000 2.433 2.497 2.688 1.101 3.065
3855.000 2.449 2.513 2.704 1.103 3.078
3860.000 2.465 2.529 2.720 1.105 3.091
3865.000 2.481 2.545 2.737 1.107 3.104
3870.000 2.497 2.561 2.754 1.109 3.118
3875.000 2.513 2.578 2.770 1.111 3.131
3880.000 2.529 2.594 2.787 1.114 3.144
3885.000 2.545 2.610 2.804 1.116 3.157
3890.000 2.561 2.627 2.821 1.118 3.171
3895.000 2.578 2.644 2.838 1.120 3.184
3900.000 2.594 2.660 2.855 1.122 3.198
3905.000 2.611 2.677 2.872 1.124 3.211
3910.000 2.628 2.694 2.890 1.127 3.225
3915.000 2.644 2.711 2.907 1.129 3.238
3920.000 2.661 2.728 2.924 1.131 3.252
3925.000 2.678 2.745 2.942 1.133 3.266
3930.000 2.695 2.762 2.959 1.135 3.280
3935.000 2.712 2.779 2.977 1.138 3.293
3940.000 2.730 2.797 2.995 1.140 3.307
3945.000 2.747 2.814 3.012 1.142 3.321
3950.000 2.764 2.832 3.030 1.145 3.335
3955.000 2.782 2.849 3.048 1.147 3.349
3960.000 2.799 2.867 3.066 1.149 3.363
3965.000 2.817 2.885 3.084 1.151 3.377
3970.000 2.835 2.902 3.103 1.154 3.391
3975.000 2.852 2.920 3.121 1.156 3.406
3980.000 2.870 2.938 3.139 1.159 3.420
3985.000 2.888 2.956 3.157 1.161 3.434
3990.000 2.906 2.975 3.176 1.163 3.449
3995.000 2.924 2.993 3.194 1.166 3.463
4000.000 2.943 3.011 3.213 1.168 3.478
4005.000 2.961 3.030 3.232 1.171 3.492
4010.000 2.979 3.048 3.250 1.174 3.507
4015.000 2.998 3.067 3.269 1.176 3.522
4020.000 3.016 3.085 3.288 1.179 3.536
4025.000 3.035 3.104 3.307 1.181 3.551
4030.000 3.054 3.123 3.326 1.184 3.566
4035.000 3.072 3.142 3.345 1.187 3.581
4040.000 3.091 3.160 3.364 1.190 3.596
4045.000 3.110 3.179 3.384 1.192 3.611
4050.000 3.129 3.199 3.403 1.195 3.627
4055.000 3.148 3.218 3.422 1.198 3.642
4060.000 3.168 3.237 3.442 1.201 3.657
4065.000 3.187 3.256 3.461 1.204 3.673
4070.000 3.206 3.276 3.481 1.207 3.688
4075.000 3.225 3.295 3.500 1.210 3.704
4080.000 3.245 3.315 3.520 1.214 3.720
4085.000 3.265 3.334 3.540 1.217 3.736
4090.000 3.284 3.354 3.560 1.220 3.751
4095.000 3.304 3.374 3.580 1.223 3.767
4100.000 3.324 3.394 3.600 1.227 3.784
4105.000 3.343 3.413 3.620 1.230 3.800
