0.000
0.000
10.000
0.000
20.000
0.000
30.000
0.000
40.000
0.000
50.000
0.000
60.000
0.000
70.000
0.000
80.000
0.000
90.000
0.000
100.000
0.000
110.000
0.000
120.000
0.000
130.000
0.001
140.000
0.001
150.000
0.001
160.000
0.001
170.000
0.001
180.000
0.001
190.000
0.001
200.000
0.001
210.000
0.001
220.000
0.001
230.000
0.001
240.000
0.001
250.000
0.001
260.000
0.002
270.000
0.002
280.000
0.002
290.000
0.002
300.000
0.002
310.000
0.002
320.000
0.002
330.000
0.002
340.000
0.002
350.000
0.003
360.000
0.003
370.000
0.003
380.000
0.003
390.000
0.003
400.000
0.003
410.000
0.004
420.000
0.004
430.000
0.004
440.000
0.004
450.000
0.004
460.000
0.005
470.000
0.005
480.000
0.005
490.000
0.005
500.000
0.005
510.000
0.005
520.000
0.006
530.000
0.006
540.000
0.006
550.000
0.006
560.000
0.006
570.000
0.007
580.000
0.007
590.000
0.007
600.000
0.007
610.000
0.007
620.000
0.008
630.000
0.008
640.000
0.008
650.000
0.008
660.000
0.009
670.000
0.009
680.000
0.009
690.000
0.009
700.000
0.009
710.000
0.010
720.000
0.010
730.000
0.010
740.000
0.010
750.000
0.010
760.000
0.010
770.000
0.011
780.000
0.011
790.000
0.011
800.000
0.011
810.000
0.011
820.000
0.011
830.000
0.011
840.000
0.012
850.000
0.012
860.000
0.012
870.000
0.012
880.000
0.012
890.000
0.012
900.000
0.013
910.000
0.013
920.000
0.013
930.000
0.013
940.000
0.013
950.000
0.013
960.000
0.013
970.000
0.014
980.000
0.014
990.000
0.014
1000.000
0.014
1010.000
0.014
1020.000
0.014
1030.000
0.014
1040.000
0.015
1050.000
0.015
1060.000
0.015
1070.000
0.015
1080.000
0.015
1090.000
0.015
1100.000
0.016
1110.000
0.016
1120.000
0.016
1130.000
0.016
1140.000
0.016
1150.000
0.016
1160.000
0.016
1170.000
0.017
1180.000
0.017
1190.000
0.017
1200.000
0.017
1210.000
0.017
1220.000
0.018
1230.000
0.018
1240.000
0.018
1250.000
0.018
1260.000
0.018
1270.000
0.019
1280.000
0.019
1290.000
0.019
1300.000
0.019
1310.000
0.020
1320.000
0.020
1330.000
0.020
1340.000
0.020
1350.000
0.021
1360.000
0.021
1370.000
0.021
1380.000
0.022
1390.000
0.022
1400.000
0.022
1410.000
0.023
1420.000
0.023
1430.000
0.024
1440.000
0.024
1450.000
0.025
1460.000
0.025
1470.000
0.026
1480.000
0.026
1490.000
0.027
1500.000
0.027
1510.000
0.028
1520.000
0.029
1530.000
0.029
1540.000
0.030
1550.000
0.031
1560.000
0.032
1570.000
0.033
1580.000
0.033
1590.000
0.034
1600.000
0.035
1610.000
0.036
1620.000
0.037
1630.000
0.038
1640.000
0.039
1650.000
0.040
1660.000
0.041
1670.000
0.042
1680.000
0.044
1690.000
0.045
1700.000
0.046
1710.000
0.047
1720.000
0.048
1730.000
0.050
1740.000
0.051
1750.000
0.052
1760.000
0.053
1770.000
0.055
1780.000
0.056
1790.000
0.058
1800.000
0.059
1810.000
0.060
1820.000
0.062
1830.000
0.063
1840.000
0.064
1850.000
0.066
1860.000
0.067
1870.000
0.068
1880.000
0.070
1890.000
0.071
1900.000
0.073
1910.000
0.074
1920.000
0.075
1930.000
0.077
1940.000
0.078
1950.000
0.080
1960.000
0.081
1970.000
0.083
1980.000
0.084
1990.000
0.085
2000.000
0.087
2010.000
0.088
2020.000
0.090
2030.000
0.091
2040.000
0.093
2050.000
0.094
2060.000
0.096
2070.000
0.097
2080.000
0.099
2090.000
0.100
2100.000
0.101
2110.000
0.103
2120.000
0.104
2130.000
0.106
2140.000
0.107
2150.000
0.109
2160.000
0.110
2170.000
0.112
2180.000
0.113
2190.000
0.115
2200.000
0.116
2210.000
0.118
2220.000
0.120
2230.000
0.121
2240.000
0.123
2250.000
0.124
2260.000
0.126
2270.000
0.127
2280.000
0.129
2290.000
0.130
2300.000
0.132
2310.000
0.133
2320.000
0.135
2330.000
0.136
2340.000
0.138
2350.000
0.139
2360.000
0.140
2370.000
0.142
2380.000
0.143
2390.000
0.145
2400.000
0.146
2410.000
0.148
2420.000
0.149
2430.000
0.151
2440.000
0.152
2450.000
0.154
2460.000
0.155
2470.000
0.157
2480.000
0.158
2490.000
0.160
2500.000
0.161
2510.000
0.163
2520.000
0.164
2530.000
0.166
2540.000
0.167
2550.000
0.169
2560.000
0.170
2570.000
0.172
2580.000
0.173
2590.000
0.175
2600.000
0.176
2610.000
0.178
2620.000
0.179
2630.000
0.181
2640.000
0.182
2650.000
0.184
2660.000
0.185
2670.000
0.187
2680.000
0.188
2690.000
0.190
2700.000
0.191
2710.000
0.193
2720.000
0.195
2730.000
0.196
2740.000
0.198
2750.000
0.199
2760.000
0.201
2770.000
0.202
2780.000
0.203
2790.000
0.205
2800.000
0.206
2810.000
0.208
2820.000
0.209
2830.000
0.211
2840.000
0.212
2850.000
0.214
2860.000
0.215
2870.000
0.216
2880.000
0.218
2890.000
0.219
2900.000
0.220
2910.000
0.222
2920.000
0.223
2930.000
0.224
2940.000
0.226
2950.000
0.227
2960.000
0.229
2970.000
0.230
2980.000
0.231
2990.000
0.233
3000.000
0.234
3010.000
0.236
3020.000
0.237
3030.000
0.238
3040.000
0.240
3050.000
0.241
3060.000
0.243
3070.000
0.244
3080.000
0.245
3090.000
0.247
3100.000
0.248
3110.000
0.249
3120.000
0.250
3130.000
0.252
3140.000
0.253
3150.000
0.254
3160.000
0.255
3170.000
0.256
3180.000
0.257
3190.000
0.257
3200.000
0.258
3210.000
0.259
3220.000
0.260
3230.000
0.261
3240.000
0.262
3250.000
0.262
3260.000
0.261
3270.000
0.257
3280.000
0.254
3290.000
0.250
3300.000
0.247
3310.000
0.245
3320.000
0.244
3330.000
0.243
3340.000
0.242
3350.000
0.242
3360.000
0.242
3370.000
0.242
3380.000
0.242
3390.000
0.243
3400.000
0.243
3410.000
0.244
3420.000
0.244
3430.000
0.245
3440.000
0.246
3450.000
0.247
3460.000
0.248
3470.000
0.249
3480.000
0.250
3490.000
0.251
3500.000
0.252
3510.000
0.254
3520.000
0.255
3530.000
0.257
3540.000
0.259
3550.000
0.260
3560.000
0.262
3570.000
0.264
3580.000
0.265
3590.000
0.267
3600.000
0.268
