0.000
0.101
10.000
0.101
20.000
0.101
30.000
0.101
40.000
0.101
50.000
0.101
60.000
0.101
70.000
0.101
80.000
0.101
90.000
0.101
100.000
0.101
110.000
0.101
120.000
0.101
130.000
0.101
140.000
0.101
150.000
0.101
160.000
0.101
170.000
0.101
180.000
0.101
190.000
0.101
200.000
0.101
210.000
0.101
220.000
0.101
230.000
0.101
240.000
0.101
250.000
0.101
260.000
0.101
270.000
0.101
280.000
0.101
290.000
0.101
300.000
0.101
310.000
0.101
320.000
0.101
330.000
0.101
340.000
0.101
350.000
0.101
360.000
0.101
370.000
0.101
380.000
0.101
390.000
0.101
400.000
0.101
410.000
0.101
420.000
0.101
430.000
0.101
440.000
0.101
450.000
0.101
460.000
0.101
470.000
0.101
480.000
0.101
490.000
0.101
500.000
0.101
510.000
0.101
520.000
0.101
530.000
0.101
540.000
0.101
550.000
0.101
560.000
0.101
570.000
0.101
580.000
0.101
590.000
0.101
600.000
0.101
610.000
0.101
620.000
0.101
630.000
0.101
640.000
0.101
650.000
0.101
660.000
0.101
670.000
0.101
680.000
0.101
690.000
0.101
700.000
0.101
710.000
0.101
720.000
0.101
730.000
0.101
740.000
0.101
750.000
0.101
760.000
0.101
770.000
0.101
780.000
0.101
790.000
0.101
800.000
0.101
810.000
0.101
820.000
0.101
830.000
0.101
840.000
0.101
850.000
0.101
860.000
0.101
870.000
0.101
880.000
0.101
890.000
0.101
900.000
0.101
910.000
0.101
920.000
0.101
930.000
0.101
940.000
0.101
950.000
0.101
960.000
0.101
970.000
0.101
980.000
0.101
990.000
0.101
1000.000
0.101
1010.000
0.101
1020.000
0.101
1030.000
0.101
1040.000
0.101
1050.000
0.101
1060.000
0.101
1070.000
0.101
1080.000
0.101
1090.000
0.101
1100.000
0.101
1110.000
0.101
1120.000
0.101
1130.000
0.101
1140.000
0.101
1150.000
0.101
1160.000
0.101
1170.000
0.101
1180.000
0.101
1190.000
0.101
1200.000
0.101
1210.000
0.101
1220.000
0.101
1230.000
0.101
1240.000
0.101
1250.000
0.101
1260.000
0.101
1270.000
0.101
1280.000
0.101
1290.000
0.101
1300.000
0.101
1310.000
0.101
1320.000
0.101
1330.000
0.101
1340.000
0.101
1350.000
0.101
1360.000
0.101
1370.000
0.101
1380.000
0.101
1390.000
0.101
1400.000
0.101
1410.000
0.101
1420.000
0.101
1430.000
0.101
1440.000
0.101
1450.000
0.101
1460.000
0.101
1470.000
0.101
1480.000
0.101
1490.000
0.101
1500.000
0.101
1510.000
0.101
1520.000
0.101
1530.000
0.101
1540.000
0.101
1550.000
0.101
1560.000
0.101
1570.000
0.101
1580.000
0.101
1590.000
0.101
1600.000
0.101
1610.000
0.101
1620.000
0.101
1630.000
0.101
1640.000
0.101
1650.000
0.101
1660.000
0.101
1670.000
0.101
1680.000
0.101
1690.000
0.101
1700.000
0.101
1710.000
0.101
1720.000
0.101
1730.000
0.101
1740.000
0.101
1750.000
0.101
1760.000
0.101
1770.000
0.101
1780.000
0.101
1790.000
0.101
1800.000
0.101
1810.000
0.101
1820.000
0.101
1830.000
0.101
1840.000
0.101
1850.000
0.101
1860.000
0.101
1870.000
0.101
1880.000
0.101
1890.000
0.101
1900.000
0.101
1910.000
0.101
1920.000
0.101
1930.000
0.101
1940.000
0.101
1950.000
0.101
1960.000
0.101
1970.000
0.101
1980.000
0.101
1990.000
0.101
2000.000
0.101
2010.000
0.101
2020.000
0.101
2030.000
0.101
2040.000
0.101
2050.000
0.101
2060.000
0.101
2070.000
0.101
2080.000
0.101
2090.000
0.101
2100.000
0.101
2110.000
0.102
2120.000
0.102
2130.000
0.102
2140.000
0.102
2150.000
0.102
2160.000
0.102
2170.000
0.102
2180.000
0.102
2190.000
0.102
2200.000
0.102
2210.000
0.102
2220.000
0.102
2230.000
0.102
2240.000
0.102
2250.000
0.102
2260.000
0.102
2270.000
0.102
2280.000
0.102
2290.000
0.102
2300.000
0.102
2310.000
0.103
2320.000
0.103
2330.000
0.103
2340.000
0.103
2350.000
0.103
2360.000
0.103
2370.000
0.103
2380.000
0.103
2390.000
0.103
2400.000
0.103
2410.000
0.103
2420.000
0.103
2430.000
0.104
2440.000
0.104
2450.000
0.104
2460.000
0.104
2470.000
0.104
2480.000
0.104
2490.000
0.104
2500.000
0.104
2510.000
0.104
2520.000
0.105
2530.000
0.105
2540.000
0.105
2550.000
0.105
2560.000
0.105
2570.000
0.105
2580.000
0.105
2590.000
0.106
2600.000
0.106
2610.000
0.106
2620.000
0.106
2630.000
0.106
2640.000
0.106
2650.000
0.106
2660.000
0.107
2670.000
0.107
2680.000
0.107
2690.000
0.107
2700.000
0.107
2710.000
0.108
2720.000
0.108
2730.000
0.108
2740.000
0.108
2750.000
0.108
2760.000
0.108
2770.000
0.109
2780.000
0.109
2790.000
0.109
2800.000
0.109
2810.000
0.110
2820.000
0.110
2830.000
0.110
2840.000
0.110
2850.000
0.110
2860.000
0.111
2870.000
0.111
2880.000
0.111
2890.000
0.111
2900.000
0.112
2910.000
0.112
2920.000
0.112
2930.000
0.112
2940.000
0.113
2950.000
0.113
2960.000
0.113
2970.000
0.114
2980.000
0.114
2990.000
0.114
3000.000
0.114
3010.000
0.115
3020.000
0.115
3030.000
0.115
3040.000
0.116
3050.000
0.116
3060.000
0.116
3070.000
0.117
3080.000
0.117
3090.000
0.117
3100.000
0.118
3110.000
0.118
3120.000
0.118
3130.000
0.119
3140.000
0.119
3150.000
0.119
3160.000
0.120
3170.000
0.120
3180.000
0.120
3190.000
0.121
3200.000
0.121
3210.000
0.122
3220.000
0.122
3230.000
0.122
3240.000
0.123
3250.000
0.123
3260.000
0.123
3270.000
0.124
3280.000
0.124
3290.000
0.125
3300.000
0.125
3310.000
0.125
3320.000
0.126
3330.000
0.126
3340.000
0.126
3350.000
0.127
3360.000
0.127
3370.000
0.128
3380.000
0.128
3390.000
0.128
3400.000
0.129
3410.000
0.129
3420.000
0.130
3430.000
0.130
3440.000
0.130
3450.000
0.131
3460.000
0.131
3470.000
0.132
3480.000
0.132
3490.000
0.133
3500.000
0.133
3510.000
0.134
3520.000
0.134
3530.000
0.135
3540.000
0.135
3550.000
0.136
3560.000
0.136
3570.000
0.137
3580.000
0.137
3590.000
0.138
3600.000
0.138
