0.000
3.084
10.000
3.084
20.000
3.084
30.000
3.084
40.000
3.084
50.000
3.084
60.000
3.084
70.000
3.084
80.000
3.084
90.000
3.084
100.000
3.084
110.000
3.084
120.000
3.084
130.000
3.084
140.000
3.084
150.000
3.084
160.000
3.084
170.000
3.084
180.000
3.084
190.000
3.084
200.000
3.084
210.000
3.084
220.000
3.084
230.000
3.084
240.000
3.084
250.000
3.084
260.000
3.084
270.000
3.084
280.000
3.084
290.000
3.084
300.000
3.084
310.000
3.084
320.000
3.084
330.000
3.084
340.000
3.084
350.000
3.084
360.000
3.084
370.000
3.084
380.000
3.084
390.000
3.084
400.000
3.084
410.000
3.084
420.000
3.084
430.000
3.084
440.000
3.084
450.000
3.084
460.000
3.084
470.000
3.084
480.000
3.084
490.000
3.084
500.000
3.084
510.000
3.084
520.000
3.084
530.000
3.084
540.000
3.084
550.000
3.084
560.000
3.084
570.000
3.084
580.000
3.084
590.000
3.084
600.000
3.084
610.000
3.084
620.000
3.084
630.000
3.084
640.000
3.084
650.000
3.084
660.000
3.084
670.000
3.084
680.000
3.084
690.000
3.084
700.000
3.084
710.000
3.084
720.000
3.084
730.000
3.084
740.000
3.084
750.000
3.084
760.000
3.084
770.000
3.084
780.000
3.084
790.000
3.084
800.000
3.084
810.000
3.084
820.000
3.084
830.000
3.084
840.000
3.084
850.000
3.084
860.000
3.084
870.000
3.084
880.000
3.084
890.000
3.084
900.000
3.084
910.000
3.084
920.000
3.084
930.000
3.084
940.000
3.084
950.000
3.084
960.000
3.084
970.000
3.084
980.000
3.084
990.000
3.084
1000.000
3.084
1010.000
3.084
1020.000
3.084
1030.000
3.084
1040.000
3.084
1050.000
3.084
1060.000
3.084
1070.000
3.084
1080.000
3.084
1090.000
3.084
1100.000
3.084
1110.000
3.084
1120.000
3.084
1130.000
3.084
1140.000
3.084
1150.000
3.084
1160.000
3.084
1170.000
3.084
1180.000
3.084
1190.000
3.084
1200.000
3.084
1210.000
3.084
1220.000
3.084
1230.000
3.084
1240.000
3.084
1250.000
3.084
1260.000
3.084
1270.000
3.084
1280.000
3.084
1290.000
3.084
1300.000
3.084
1310.000
3.084
1320.000
3.084
1330.000
3.084
1340.000
3.084
1350.000
3.084
1360.000
3.084
1370.000
3.084
1380.000
3.084
1390.000
3.084
1400.000
3.084
1410.000
3.084
1420.000
3.084
1430.000
3.084
1440.000
3.084
1450.000
3.084
1460.000
3.084
1470.000
3.084
1480.000
3.084
1490.000
3.084
1500.000
3.084
1510.000
3.084
1520.000
3.084
1530.000
3.084
1540.000
3.084
1550.000
3.084
1560.000
3.084
1570.000
3.084
1580.000
3.084
1590.000
3.084
1600.000
3.084
1610.000
3.084
1620.000
3.084
1630.000
3.084
1640.000
3.084
1650.000
3.084
1660.000
3.084
1670.000
3.084
1680.000
3.084
1690.000
3.084
1700.000
3.084
1710.000
3.084
1720.000
3.084
1730.000
3.084
1740.000
3.084
1750.000
3.084
1760.000
3.084
1770.000
3.084
1780.000
3.084
1790.000
3.084
1800.000
3.084
1810.000
3.084
1820.000
3.084
1830.000
3.084
1840.000
3.084
1850.000
3.084
1860.000
3.084
1870.000
3.084
1880.000
3.084
1890.000
3.084
1900.000
3.084
1910.000
3.084
1920.000
3.084
1930.000
3.084
1940.000
3.084
1950.000
3.084
1960.000
3.084
1970.000
3.084
1980.000
3.084
1990.000
3.084
2000.000
3.084
2010.000
3.084
2020.000
3.084
2030.000
3.084
2040.000
3.084
2050.000
3.084
2060.000
3.084
2070.000
3.084
2080.000
3.084
2090.000
3.084
2100.000
3.084
2110.000
3.084
2120.000
3.084
2130.000
3.084
2140.000
3.084
2150.000
3.084
2160.000
3.084
2170.000
3.084
2180.000
3.084
2190.000
3.084
2200.000
3.084
2210.000
3.084
2220.000
3.084
2230.000
3.084
2240.000
3.084
2250.000
3.084
2260.000
3.084
2270.000
3.084
2280.000
3.084
2290.000
3.084
2300.000
3.084
2310.000
3.084
2320.000
3.084
2330.000
3.084
2340.000
3.084
2350.000
3.084
2360.000
3.084
2370.000
3.084
2380.000
3.084
2390.000
3.084
2400.000
3.084
2410.000
3.084
2420.000
3.084
2430.000
3.084
2440.000
3.084
2450.000
3.084
2460.000
3.084
2470.000
3.084
2480.000
3.084
2490.000
3.084
2500.000
3.084
2510.000
3.084
2520.000
3.084
2530.000
3.084
2540.000
3.084
2550.000
3.084
2560.000
3.084
2570.000
3.084
2580.000
3.084
2590.000
3.084
2600.000
3.084
2610.000
3.084
2620.000
3.084
2630.000
3.084
2640.000
3.084
2650.000
3.084
2660.000
3.084
2670.000
3.084
2680.000
3.084
2690.000
3.084
2700.000
3.084
2710.000
3.084
2720.000
3.084
2730.000
3.084
2740.000
3.084
2750.000
3.084
2760.000
3.084
2770.000
3.084
2780.000
3.084
2790.000
3.084
2800.000
3.084
2810.000
3.084
2820.000
3.084
2830.000
3.084
2840.000
3.084
2850.000
3.084
2860.000
3.084
2870.000
3.084
2880.000
3.084
2890.000
3.084
2900.000
3.084
2910.000
3.084
2920.000
3.084
2930.000
3.084
2940.000
3.084
2950.000
3.084
2960.000
3.084
2970.000
3.084
2980.000
3.084
2990.000
3.084
3000.000
3.084
3010.000
3.084
3020.000
3.084
3030.000
3.084
3040.000
3.084
3050.000
3.084
3060.000
3.084
3070.000
3.084
3080.000
3.084
3090.000
3.084
3100.000
3.084
3110.000
3.084
3120.000
3.084
3130.000
3.084
3140.000
3.084
3150.000
3.084
3160.000
3.084
3170.000
3.084
3180.000
3.084
3190.000
3.084
3200.000
3.084
3210.000
3.084
3220.000
3.084
3230.000
3.084
3240.000
3.084
3250.000
3.084
3260.000
3.084
3270.000
3.084
3280.000
3.084
3290.000
3.084
3300.000
3.084
3310.000
3.084
3320.000
3.084
3330.000
3.084
3340.000
3.084
3350.000
3.084
3360.000
3.084
3370.000
3.084
3380.000
3.084
3390.000
3.084
3400.000
3.084
3410.000
3.084
3420.000
3.084
3430.000
3.084
3440.000
3.084
3450.000
3.084
3460.000
3.084
3470.000
3.084
3480.000
3.084
3490.000
3.084
3500.000
3.084
3510.000
3.084
3520.000
3.084
3530.000
3.084
3540.000
3.084
3550.000
3.084
3560.000
3.084
3570.000
3.084
3580.000
3.084
3590.000
3.084
3600.000
3.084
