0.00000
-0.00000
10.00000
-0.00000
20.00000
-0.00000
30.00000
-0.00000
40.00000
-0.00000
50.00000
-0.00000
60.00000
-0.00000
70.00000
-0.00000
80.00000
-0.00000
90.00000
-0.00000
100.00000
-0.00000
110.00000
-0.00000
120.00000
-0.00000
130.00000
-0.00000
140.00000
-0.00000
150.00000
-0.00000
160.00000
-0.00000
170.00000
-0.00000
180.00000
-0.00000
190.00000
-0.00000
200.00000
-0.00000
210.00000
-0.00000
220.00000
-0.00000
230.00000
-0.00000
240.00000
-0.00000
250.00000
-0.00000
260.00000
-0.00000
270.00000
-0.00000
280.00000
-0.00000
290.00000
-0.00000
300.00000
-0.00000
310.00000
-0.00000
320.00000
-0.00000
330.00000
-0.00000
340.00000
-0.00000
350.00000
-0.00000
360.00000
-0.00000
370.00000
-0.00000
380.00000
-0.00000
390.00000
-0.00000
400.00000
-0.00000
410.00000
-0.00000
420.00000
-0.00000
430.00000
-0.00000
440.00000
-0.00000
450.00000
-0.00000
460.00000
-0.00000
470.00000
-0.00000
480.00000
-0.00000
490.00000
-0.00000
500.00000
-0.00000
510.00000
-0.00000
520.00000
-0.00000
530.00000
-0.00000
540.00000
-0.00000
550.00000
-0.00000
560.00000
-0.00000
570.00000
-0.00000
580.00000
-0.00000
590.00000
-0.00000
600.00000
-0.00000
610.00000
-0.00000
620.00000
-0.00000
630.00000
-0.00000
640.00000
-0.00000
650.00000
-0.00000
660.00000
-0.00000
670.00000
-0.00000
680.00000
-0.00000
690.00000
-0.00000
700.00000
-0.00000
710.00000
-0.00000
720.00000
-0.00000
730.00000
-0.00000
740.00000
-0.00000
750.00000
-0.00000
760.00000
-0.00000
770.00000
-0.00000
780.00000
-0.00000
790.00000
-0.00000
800.00000
-0.00000
810.00000
-0.00000
820.00000
-0.00000
830.00000
-0.00000
840.00000
-0.00000
850.00000
-0.00000
860.00000
-0.00000
870.00000
-0.00000
880.00000
-0.00000
890.00000
-0.00000
900.00000
-0.00000
910.00000
-0.00000
920.00000
-0.00000
930.00000
-0.00000
940.00000
-0.00000
950.00000
-0.00000
960.00000
-0.00000
970.00000
-0.00000
980.00000
-0.00000
990.00000
-0.00000
1000.00000
-0.00000
1010.00000
-0.00000
1020.00000
-0.00000
1030.00000
-0.00000
1040.00000
-0.00000
1050.00000
-0.00000
1060.00000
-0.00000
1070.00000
-0.00000
1080.00000
-0.00000
1090.00000
-0.00000
1100.00000
-0.00000
1110.00000
-0.00000
1120.00000
-0.00000
1130.00000
-0.00000
1140.00000
-0.00000
1150.00000
-0.00000
1160.00000
-0.00000
1170.00000
-0.00000
1180.00000
-0.00000
1190.00000
-0.00000
1200.00000
-0.00000
1210.00000
-0.00000
1220.00000
-0.00000
1230.00000
-0.00000
1240.00000
-0.00000
1250.00000
-0.00000
1260.00000
-0.00000
1270.00000
-0.00000
1280.00000
-0.00000
1290.00000
-0.00000
1300.00000
-0.00000
1310.00000
-0.00000
1320.00000
-0.00000
1330.00000
-0.00000
1340.00000
-0.00000
1350.00000
-0.00000
1360.00000
-0.00000
1370.00000
-0.00000
1380.00000
-0.00000
1390.00000
-0.00000
1400.00000
-0.00000
1410.00000
-0.00000
1420.00000
-0.00000
1430.00000
-0.00000
1440.00000
-0.00000
1450.00000
-0.00000
1460.00000
-0.00000
1470.00000
-0.00000
1480.00000
-0.00000
1490.00000
-0.00000
1500.00000
-0.00000
1510.00000
-0.00000
1520.00000
-0.00000
1530.00000
-0.00000
1540.00000
-0.00000
1550.00000
-0.00000
1560.00000
-0.00000
1570.00000
-0.00000
1580.00000
-0.00000
1590.00000
-0.00000
1600.00000
-0.00000
1610.00000
-0.00000
1620.00000
-0.00000
1630.00000
-0.00000
1640.00000
-0.00000
1650.00000
-0.00000
1660.00000
-0.00000
1670.00000
-0.00000
1680.00000
-0.00000
1690.00000
-0.00000
1700.00000
-0.00000
1710.00000
-0.00000
1720.00000
-0.00000
1730.00000
-0.00000
1740.00000
-0.00000
1750.00000
-0.00000
1760.00000
-0.00000
1770.00000
-0.00000
1780.00000
-0.00000
1790.00000
-0.00000
1800.00000
-0.00000
1810.00000
-0.00000
1820.00000
-0.00000
1830.00000
-0.00001
1840.00000
-0.00001
1850.00000
-0.00001
1860.00000
-0.00001
1870.00000
-0.00001
1880.00000
-0.00001
1890.00000
-0.00001
1900.00000
-0.00001
1910.00000
-0.00002
1920.00000
-0.00002
1930.00000
-0.00002
1940.00000
-0.00002
1950.00000
-0.00002
1960.00000
-0.00002
1970.00000
-0.00003
1980.00000
-0.00003
1990.00000
-0.00003
2000.00000
-0.00003
2010.00000
-0.00004
2020.00000
-0.00004
2030.00000
-0.00004
2040.00000
-0.00004
2050.00000
-0.00005
2060.00000
-0.00005
2070.00000
-0.00005
2080.00000
-0.00005
2090.00000
-0.00006
2100.00000
-0.00006
2110.00000
-0.00006
2120.00000
-0.00007
2130.00000
-0.00007
2140.00000
-0.00007
2150.00000
-0.00008
2160.00000
-0.00008
2170.00000
-0.00008
2180.00000
-0.00009
2190.00000
-0.00009
2200.00000
-0.00009
2210.00000
-0.00010
2220.00000
-0.00010
2230.00000
-0.00011
2240.00000
-0.00011
2250.00000
-0.00011
2260.00000
-0.00012
2270.00000
-0.00012
2280.00000
-0.00013
2290.00000
-0.00013
2300.00000
-0.00013
2310.00000
-0.00014
2320.00000
-0.00014
2330.00000
-0.00015
2340.00000
-0.00015
2350.00000
-0.00016
2360.00000
-0.00016
2370.00000
-0.00017
2380.00000
-0.00017
2390.00000
-0.00018
2400.00000
-0.00018
2410.00000
-0.00019
2420.00000
-0.00019
2430.00000
-0.00020
2440.00000
-0.00020
2450.00000
-0.00021
2460.00000
-0.00021
2470.00000
-0.00022
2480.00000
-0.00022
2490.00000
-0.00023
2500.00000
-0.00023
2510.00000
-0.00024
2520.00000
-0.00024
2530.00000
-0.00025
2540.00000
-0.00026
2550.00000
-0.00026
2560.00000
-0.00027
2570.00000
-0.00027
2580.00000
-0.00028
2590.00000
-0.00029
2600.00000
-0.00029
2610.00000
-0.00030
2620.00000
-0.00030
2630.00000
-0.00031
2640.00000
-0.00032
2650.00000
-0.00032
2660.00000
-0.00033
2670.00000
-0.00034
2680.00000
-0.00034
2690.00000
-0.00035
2700.00000
-0.00036
2710.00000
-0.00037
2720.00000
-0.00037
2730.00000
-0.00038
2740.00000
-0.00039
2750.00000
-0.00039
2760.00000
-0.00040
2770.00000
-0.00041
2780.00000
-0.00041
2790.00000
-0.00042
2800.00000
-0.00043
2810.00000
-0.00044
2820.00000
-0.00044
2830.00000
-0.00045
2840.00000
-0.00046
2850.00000
-0.00046
2860.00000
-0.00047
2870.00000
-0.00048
2880.00000
-0.00048
2890.00000
-0.00049
2900.00000
-0.00050
2910.00000
-0.00051
2920.00000
-0.00051
2930.00000
-0.00052
2940.00000
-0.00053
2950.00000
-0.00053
2960.00000
-0.00054
2970.00000
-0.00055
2980.00000
-0.00056
2990.00000
-0.00057
3000.00000
-0.00057
3010.00000
-0.00058
3020.00000
-0.00059
3030.00000
-0.00060
3040.00000
-0.00061
3050.00000
-0.00062
3060.00000
-0.00062
3070.00000
-0.00063
3080.00000
-0.00064
3090.00000
-0.00065
3100.00000
-0.00065
3110.00000
-0.00066
3120.00000
-0.00067
3130.00000
-0.00068
3140.00000
-0.00068
3150.00000
-0.00069
3160.00000
-0.00069
3170.00000
-0.00070
3180.00000
-0.00070
3190.00000
-0.00071
3200.00000
-0.00071
3210.00000
-0.00072
3220.00000
-0.00073
3230.00000
-0.00074
3240.00000
-0.00074
3250.00000
-0.00083
3260.00000
-0.00080
3270.00000
-0.00077
3280.00000
-0.00074
3290.00000
-0.00073
3300.00000
-0.00072
3310.00000
-0.00071
3320.00000
-0.00072
3330.00000
-0.00072
3340.00000
-0.00073
3350.00000
-0.00074
3360.00000
-0.00075
3370.00000
-0.00075
3380.00000
-0.00076
3390.00000
-0.00077
3400.00000
-0.00078
3410.00000
-0.00079
3420.00000
-0.00080
3430.00000
-0.00081
3440.00000
-0.00083
3450.00000
-0.00084
3460.00000
-0.00085
3470.00000
-0.00087
3480.00000
-0.00088
3490.00000
-0.00090
3500.00000
-0.00091
3510.00000
-0.00093
3520.00000
-0.00096
3530.00000
-0.00098
3540.00000
-0.00100
3550.00000
-0.00102
3560.00000
-0.00104
3570.00000
-0.00106
3580.00000
-0.00108
3590.00000
-0.00110
3600.00000
-0.00112
