0.000
0.000
10.000
0.001
20.000
0.002
30.000
0.002
40.000
0.003
50.000
0.003
60.000
0.004
70.000
0.006
80.000
0.007
90.000
0.009
100.000
0.011
110.000
0.013
120.000
0.015
130.000
0.017
140.000
0.019
150.000
0.022
160.000
0.025
170.000
0.028
180.000
0.031
190.000
0.033
200.000
0.035
210.000
0.038
220.000
0.040
230.000
0.043
240.000
0.046
250.000
0.048
260.000
0.051
270.000
0.054
280.000
0.057
290.000
0.060
300.000
0.063
310.000
0.067
320.000
0.071
330.000
0.075
340.000
0.080
350.000
0.085
360.000
0.090
370.000
0.095
380.000
0.101
390.000
0.106
400.000
0.112
410.000
0.118
420.000
0.124
430.000
0.130
440.000
0.135
450.000
0.141
460.000
0.146
470.000
0.151
480.000
0.156
490.000
0.161
500.000
0.166
510.000
0.170
520.000
0.175
530.000
0.179
540.000
0.183
550.000
0.188
560.000
0.193
570.000
0.199
580.000
0.204
590.000
0.209
600.000
0.214
610.000
0.220
620.000
0.225
630.000
0.230
640.000
0.236
650.000
0.241
660.000
0.247
670.000
0.251
680.000
0.256
690.000
0.260
700.000
0.264
710.000
0.268
720.000
0.271
730.000
0.275
740.000
0.278
750.000
0.281
760.000
0.284
770.000
0.287
780.000
0.289
790.000
0.293
800.000
0.296
810.000
0.300
820.000
0.303
830.000
0.307
840.000
0.311
850.000
0.315
860.000
0.319
870.000
0.323
880.000
0.327
890.000
0.331
900.000
0.336
910.000
0.340
920.000
0.343
930.000
0.347
940.000
0.350
950.000
0.354
960.000
0.357
970.000
0.361
980.000
0.365
990.000
0.370
1000.000
0.374
1010.000
0.379
1020.000
0.384
1030.000
0.390
1040.000
0.395
1050.000
0.401
1060.000
0.407
1070.000
0.413
1080.000
0.420
1090.000
0.426
1100.000
0.432
1110.000
0.438
1120.000
0.444
1130.000
0.450
1140.000
0.456
1150.000
0.463
1160.000
0.470
1170.000
0.478
1180.000
0.487
1190.000
0.496
1200.000
0.505
1210.000
0.514
1220.000
0.525
1230.000
0.535
1240.000
0.547
1250.000
0.559
1260.000
0.571
1270.000
0.583
1280.000
0.596
1290.000
0.609
1300.000
0.622
1310.000
0.636
1320.000
0.651
1330.000
0.666
1340.000
0.683
1350.000
0.701
1360.000
0.720
1370.000
0.739
1380.000
0.760
1390.000
0.781
1400.000
0.804
1410.000
0.828
1420.000
0.853
1430.000
0.879
1440.000
0.907
1450.000
0.935
1460.000
0.964
1470.000
0.994
1480.000
1.025
1490.000
1.057
1500.000
1.090
1510.000
1.125
1520.000
1.161
1530.000
1.199
1540.000
1.239
1550.000
1.279
1560.000
1.322
1570.000
1.365
1580.000
1.410
1590.000
1.457
1600.000
1.504
1610.000
1.553
1620.000
1.603
1630.000
1.654
1640.000
1.705
1650.000
1.757
1660.000
1.810
1670.000
1.863
1680.000
1.918
1690.000
1.973
1700.000
2.030
1710.000
2.087
1720.000
2.146
1730.000
2.205
1740.000
2.265
1750.000
2.325
1760.000
2.386
1770.000
2.448
1780.000
2.511
1790.000
2.574
1800.000
2.637
1810.000
2.700
1820.000
2.764
1830.000
2.827
1840.000
2.891
1850.000
2.955
1860.000
3.019
1870.000
3.084
1880.000
3.150
1890.000
3.217
1900.000
3.285
1910.000
3.353
1920.000
3.422
1930.000
3.492
1940.000
3.562
1950.000
3.633
1960.000
3.706
1970.000
3.779
1980.000
3.852
1990.000
3.927
2000.000
4.001
2010.000
4.077
2020.000
4.153
2030.000
4.229
2040.000
4.307
2050.000
4.385
2060.000
4.464
2070.000
4.545
2080.000
4.626
2090.000
4.707
2100.000
4.790
2110.000
4.874
2120.000
4.958
2130.000
5.043
2140.000
5.128
2150.000
5.215
2160.000
5.301
2170.000
5.389
2180.000
5.476
2190.000
5.564
2200.000
5.652
2210.000
5.741
2220.000
5.829
2230.000
5.918
2240.000
6.007
2250.000
6.096
2260.000
6.186
2270.000
6.275
2280.000
6.364
2290.000
6.454
2300.000
6.543
2310.000
6.633
2320.000
6.722
2330.000
6.812
2340.000
6.902
2350.000
6.992
2360.000
7.083
2370.000
7.173
2380.000
7.264
2390.000
7.355
2400.000
7.447
2410.000
7.539
2420.000
7.631
2430.000
7.724
2440.000
7.817
2450.000
7.911
2460.000
8.006
2470.000
8.101
2480.000
8.196
2490.000
8.292
2500.000
8.389
2510.000
8.487
2520.000
8.585
2530.000
8.683
2540.000
8.782
2550.000
8.882
2560.000
8.982
2570.000
9.082
2580.000
9.183
2590.000
9.284
2600.000
9.386
2610.000
9.488
2620.000
9.590
2630.000
9.693
2640.000
9.795
2650.000
9.898
2660.000
10.001
2670.000
10.104
2680.000
10.206
2690.000
10.309
2700.000
10.412
2710.000
10.514
2720.000
10.617
2730.000
10.719
2740.000
10.821
2750.000
10.924
2760.000
11.025
2770.000
11.127
2780.000
11.229
2790.000
11.331
2800.000
11.432
2810.000
11.534
2820.000
11.635
2830.000
11.735
2840.000
11.832
2850.000
11.928
2860.000
12.022
2870.000
12.115
2880.000
12.208
2890.000
12.302
2900.000
12.396
2910.000
12.490
2920.000
12.586
2930.000
12.683
2940.000
12.781
2950.000
12.879
2960.000
12.980
2970.000
13.081
2980.000
13.183
2990.000
13.286
3000.000
13.391
3010.000
13.496
3020.000
13.602
3030.000
13.709
3040.000
13.817
3050.000
13.924
3060.000
14.026
3070.000
14.125
3080.000
14.221
3090.000
14.314
3100.000
14.403
3110.000
14.490
3120.000
14.574
3130.000
14.654
3140.000
14.731
3150.000
14.805
3160.000
14.876
3170.000
14.943
3180.000
15.009
3190.000
15.072
3200.000
15.134
3210.000
15.196
3220.000
15.264
3230.000
15.384
3240.000
15.425
3250.000
16.525
3260.000
16.143
3270.000
15.752
3280.000
15.462
3290.000
15.256
3300.000
15.147
3310.000
15.123
3320.000
15.157
3330.000
15.226
3340.000
15.312
3350.000
15.407
3360.000
15.504
3370.000
15.603
3380.000
15.703
3390.000
15.807
3400.000
15.916
3410.000
16.031
3420.000
16.155
3430.000
16.286
3440.000
16.426
3450.000
16.574
3460.000
16.729
3470.000
16.890
3480.000
17.059
3490.000
17.233
3500.000
17.412
3510.000
17.591
3520.000
17.871
3530.000
18.095
3540.000
18.296
3550.000
18.501
3560.000
18.711
3570.000
18.926
3580.000
19.142
3590.000
19.358
3600.000
19.569
