0.000
0.000
10.000
0.000
20.000
0.000
30.000
0.000
40.000
0.000
50.000
0.000
60.000
0.000
70.000
0.000
80.000
0.000
90.000
0.000
100.000
0.000
110.000
0.000
120.000
0.000
130.000
0.000
140.000
0.000
150.000
0.000
160.000
0.000
170.000
0.000
180.000
0.001
190.000
0.001
200.000
0.001
210.000
0.001
220.000
0.001
230.000
0.001
240.000
0.001
250.000
0.001
260.000
0.001
270.000
0.001
280.000
0.001
290.000
0.002
300.000
0.002
310.000
0.002
320.000
0.002
330.000
0.002
340.000
0.002
350.000
0.003
360.000
0.003
370.000
0.003
380.000
0.004
390.000
0.004
400.000
0.004
410.000
0.005
420.000
0.005
430.000
0.006
440.000
0.006
450.000
0.006
460.000
0.007
470.000
0.007
480.000
0.007
490.000
0.008
500.000
0.008
510.000
0.009
520.000
0.009
530.000
0.009
540.000
0.010
550.000
0.010
560.000
0.011
570.000
0.011
580.000
0.012
590.000
0.012
600.000
0.013
610.000
0.013
620.000
0.014
630.000
0.014
640.000
0.015
650.000
0.016
660.000
0.016
670.000
0.017
680.000
0.017
690.000
0.018
700.000
0.018
710.000
0.019
720.000
0.019
730.000
0.020
740.000
0.020
750.000
0.020
760.000
0.021
770.000
0.021
780.000
0.022
790.000
0.022
800.000
0.023
810.000
0.023
820.000
0.024
830.000
0.024
840.000
0.025
850.000
0.025
860.000
0.026
870.000
0.026
880.000
0.027
890.000
0.028
900.000
0.028
910.000
0.029
920.000
0.029
930.000
0.030
940.000
0.031
950.000
0.031
960.000
0.032
970.000
0.032
980.000
0.033
990.000
0.034
1000.000
0.034
1010.000
0.035
1020.000
0.036
1030.000
0.037
1040.000
0.038
1050.000
0.039
1060.000
0.040
1070.000
0.041
1080.000
0.042
1090.000
0.043
1100.000
0.044
1110.000
0.045
1120.000
0.046
1130.000
0.047
1140.000
0.048
1150.000
0.050
1160.000
0.051
1170.000
0.053
1180.000
0.054
1190.000
0.056
1200.000
0.057
1210.000
0.059
1220.000
0.061
1230.000
0.063
1240.000
0.066
1250.000
0.068
1260.000
0.071
1270.000
0.073
1280.000
0.076
1290.000
0.078
1300.000
0.081
1310.000
0.084
1320.000
0.087
1330.000
0.091
1340.000
0.094
1350.000
0.098
1360.000
0.103
1370.000
0.107
1380.000
0.112
1390.000
0.117
1400.000
0.122
1410.000
0.128
1420.000
0.134
1430.000
0.141
1440.000
0.148
1450.000
0.155
1460.000
0.162
1470.000
0.170
1480.000
0.178
1490.000
0.187
1500.000
0.196
1510.000
0.206
1520.000
0.216
1530.000
0.227
1540.000
0.239
1550.000
0.251
1560.000
0.263
1570.000
0.277
1580.000
0.291
1590.000
0.306
1600.000
0.321
1610.000
0.337
1620.000
0.354
1630.000
0.371
1640.000
0.389
1650.000
0.407
1660.000
0.426
1670.000
0.445
1680.000
0.465
1690.000
0.486
1700.000
0.508
1710.000
0.530
1720.000
0.554
1730.000
0.578
1740.000
0.602
1750.000
0.628
1760.000
0.654
1770.000
0.680
1780.000
0.708
1790.000
0.736
1800.000
0.764
1810.000
0.794
1820.000
0.823
1830.000
0.853
1840.000
0.883
1850.000
0.915
1860.000
0.946
1870.000
0.979
1880.000
1.012
1890.000
1.046
1900.000
1.081
1910.000
1.117
1920.000
1.154
1930.000
1.191
1940.000
1.229
1950.000
1.268
1960.000
1.308
1970.000
1.348
1980.000
1.390
1990.000
1.432
2000.000
1.474
2010.000
1.518
2020.000
1.562
2030.000
1.607
2040.000
1.653
2050.000
1.699
2060.000
1.747
2070.000
1.796
2080.000
1.845
2090.000
1.895
2100.000
1.947
2110.000
1.999
2120.000
2.052
2130.000
2.106
2140.000
2.161
2150.000
2.217
2160.000
2.273
2170.000
2.330
2180.000
2.388
2190.000
2.447
2200.000
2.507
2210.000
2.567
2220.000
2.628
2230.000
2.690
2240.000
2.752
2250.000
2.815
2260.000
2.878
2270.000
2.942
2280.000
3.007
2290.000
3.072
2300.000
3.137
2310.000
3.204
2320.000
3.271
2330.000
3.338
2340.000
3.406
2350.000
3.475
2360.000
3.544
2370.000
3.614
2380.000
3.685
2390.000
3.756
2400.000
3.829
2410.000
3.901
2420.000
3.975
2430.000
4.050
2440.000
4.125
2450.000
4.202
2460.000
4.279
2470.000
4.357
2480.000
4.436
2490.000
4.517
2500.000
4.598
2510.000
4.680
2520.000
4.763
2530.000
4.847
2540.000
4.932
2550.000
5.019
2560.000
5.106
2570.000
5.194
2580.000
5.283
2590.000
5.373
2600.000
5.464
2610.000
5.555
2620.000
5.648
2630.000
5.741
2640.000
5.836
2650.000
5.930
2660.000
6.026
2670.000
6.122
2680.000
6.219
2690.000
6.317
2700.000
6.415
2710.000
6.513
2720.000
6.612
2730.000
6.712
2740.000
6.812
2750.000
6.912
2760.000
7.013
2770.000
7.115
2780.000
7.217
2790.000
7.319
2800.000
7.422
2810.000
7.525
2820.000
7.628
2830.000
7.731
2840.000
7.832
2850.000
7.933
2860.000
8.033
2870.000
8.133
2880.000
8.232
2890.000
8.333
2900.000
8.433
2910.000
8.535
2920.000
8.638
2930.000
8.742
2940.000
8.847
2950.000
8.954
2960.000
9.062
2970.000
9.171
2980.000
9.282
2990.000
9.395
3000.000
9.509
3010.000
9.624
3020.000
9.741
3030.000
9.859
3040.000
9.977
3050.000
10.095
3060.000
10.211
3070.000
10.324
3080.000
10.435
3090.000
10.543
3100.000
10.649
3110.000
10.751
3120.000
10.851
3130.000
10.947
3140.000
11.039
3150.000
11.128
3160.000
11.213
3170.000
11.294
3180.000
11.372
3190.000
11.447
3200.000
11.519
3210.000
11.588
3220.000
11.656
3230.000
11.733
3240.000
11.829
3250.000
11.800
3260.000
11.432
3270.000
11.054
3280.000
10.719
3290.000
10.449
3300.000
10.253
3310.000
10.122
3320.000
10.043
3330.000
10.002
3340.000
9.988
3350.000
9.992
3360.000
10.009
3370.000
10.035
3380.000
10.070
3390.000
10.112
3400.000
10.162
3410.000
10.219
3420.000
10.284
3430.000
10.356
3440.000
10.435
3450.000
10.521
3460.000
10.614
3470.000
10.712
3480.000
10.817
3490.000
10.927
3500.000
11.042
3510.000
11.180
3520.000
11.338
3530.000
11.483
3540.000
11.624
3550.000
11.767
3560.000
11.912
3570.000
12.059
3580.000
12.207
3590.000
12.354
3600.000
12.500
