0.000 0.008 0.023 0.952
5.000 0.008 0.023 0.952
10.000 0.008 0.023 0.952
15.000 0.008 0.023 0.952
20.000 0.008 0.023 0.952
25.000 0.008 0.023 0.952
30.000 0.008 0.023 0.952
35.000 0.008 0.023 0.952
40.000 0.008 0.023 0.952
45.000 0.008 0.023 0.952
50.000 0.008 0.023 0.952
55.000 0.008 0.023 0.952
60.000 0.008 0.023 0.952
65.000 0.008 0.023 0.952
70.000 0.008 0.023 0.952
75.000 0.008 0.023 0.952
80.000 0.008 0.023 0.952
85.000 0.008 0.023 0.952
90.000 0.008 0.023 0.952
95.000 0.008 0.023 0.952
100.000 0.008 0.023 0.952
105.000 0.008 0.023 0.952
110.000 0.008 0.023 0.952
115.000 0.008 0.023 0.952
120.000 0.008 0.023 0.952
