0.000 445.000
5.000 445.000
10.000 445.000
15.000 445.000
20.000 445.000
25.000 445.000
30.000 445.000
35.000 445.000
40.000 445.000
45.000 445.000
50.000 445.000
55.000 445.000
60.000 445.000
65.000 445.000
70.000 445.000
75.000 445.000
80.000 445.000
85.000 445.000
90.000 445.000
95.000 445.000
100.000 445.000
105.000 445.000
110.000 445.000
115.000 445.000
120.000 445.000
125.000 445.000
130.000 445.000
135.000 445.000
140.000 445.000
145.000 445.000
150.000 445.000
155.000 445.000
160.000 445.000
165.000 445.000
170.000 445.000
175.000 445.000
180.000 445.000
185.000 445.000
190.000 445.000
195.000 445.000
200.000 445.000
205.000 445.000
210.000 445.000
215.000 445.000
220.000 445.000
225.000 445.000
230.000 445.000
235.000 445.000
240.000 445.000
245.000 445.000
250.000 445.000
255.000 445.000
260.000 445.000
265.000 445.000
270.000 445.000
275.000 445.000
280.000 445.000
285.000 445.000
290.000 445.000
295.000 445.000
300.000 445.000
305.000 445.000
310.000 445.000
315.000 445.000
320.000 445.000
325.000 445.000
330.000 445.000
335.000 445.000
340.000 445.000
345.000 445.000
350.000 445.000
355.000 445.000
360.000 445.000
365.000 445.000
370.000 445.000
375.000 445.000
380.000 445.000
385.000 445.000
390.000 445.000
395.000 445.000
400.000 445.000
405.000 445.000
410.000 445.000
415.000 445.000
420.000 445.000
425.000 445.000
430.000 445.000
435.000 445.000
440.000 445.000
445.000 445.000
450.000 445.000
455.000 445.000
460.000 445.000
465.000 445.000
470.000 445.000
475.000 445.000
480.000 445.000
485.000 445.000
490.000 445.000
495.000 445.000
500.000 445.000
505.000 445.000
510.000 445.000
515.000 445.000
520.000 445.000
525.000 445.000
530.000 445.000
535.000 445.000
540.000 445.000
545.000 445.000
550.000 445.000
555.000 445.000
560.000 445.000
565.000 445.000
570.000 445.000
575.000 445.000
580.000 445.000
585.000 445.000
590.000 445.000
595.000 445.000
600.000 445.000
605.000 445.000
610.000 445.000
615.000 445.000
620.000 445.000
625.000 445.000
630.000 445.000
635.000 445.000
640.000 445.000
645.000 445.000
650.000 445.000
655.000 445.000
660.000 445.000
665.000 445.000
670.000 445.000
675.000 445.000
680.000 445.000
685.000 445.000
690.000 445.000
695.000 445.000
700.000 445.000
705.000 445.000
710.000 445.000
715.000 445.000
720.000 445.000
725.000 445.000
730.000 445.000
735.000 445.000
740.000 445.000
745.000 445.000
750.000 445.000
755.000 445.000
760.000 445.000
765.000 445.000
770.000 445.000
775.000 445.000
780.000 445.000
785.000 445.000
790.000 445.000
795.000 445.000
800.000 445.000
805.000 445.000
810.000 445.000
815.000 445.000
820.000 445.000
825.000 445.000
830.000 445.000
835.000 445.000
