0.000 0.001 0.001 0.001
5.000 0.002 0.002 0.002
10.000 0.002 0.002 0.002
15.000 0.003 0.003 0.003
20.000 0.004 0.004 0.004
25.000 0.004 0.004 0.004
30.000 0.005 0.005 0.005
35.000 0.006 0.006 0.006
40.000 0.006 0.006 0.006
45.000 0.007 0.007 0.007
50.000 0.008 0.008 0.008
55.000 0.009 0.009 0.009
60.000 0.011 0.010 0.010
65.000 0.012 0.011 0.011
70.000 0.014 0.012 0.012
75.000 0.015 0.013 0.013
80.000 0.017 0.014 0.014
85.000 0.020 0.015 0.015
90.000 0.022 0.016 0.016
95.000 0.024 0.017 0.017
100.000 0.026 0.019 0.018
105.000 0.029 0.020 0.020
110.000 0.031 0.021 0.021
115.000 0.033 0.022 0.022
120.000 0.035 0.024 0.023
125.000 0.037 0.025 0.024
130.000 0.039 0.026 0.025
135.000 0.042 0.027 0.027
140.000 0.044 0.029 0.028
145.000 0.046 0.030 0.029
150.000 0.049 0.031 0.030
155.000 0.051 0.033 0.032
160.000 0.054 0.034 0.033
165.000 0.058 0.036 0.035
170.000 0.061 0.038 0.036
175.000 0.064 0.040 0.038
180.000 0.067 0.042 0.040
185.000 0.071 0.044 0.042
190.000 0.074 0.047 0.045
195.000 0.078 0.050 0.047
200.000 0.081 0.053 0.050
205.000 0.085 0.056 0.052
210.000 0.089 0.059 0.055
215.000 0.093 0.062 0.057
220.000 0.098 0.066 0.060
225.000 0.102 0.070 0.063
230.000 0.106 0.074 0.066
235.000 0.111 0.078 0.069
240.000 0.115 0.082 0.072
245.000 0.120 0.086 0.075
250.000 0.124 0.090 0.079
255.000 0.129 0.095 0.082
260.000 0.133 0.099 0.085
265.000 0.137 0.104 0.089
270.000 0.142 0.108 0.092
275.000 0.146 0.112 0.096
280.000 0.150 0.117 0.100
285.000 0.154 0.121 0.104
290.000 0.157 0.125 0.108
295.000 0.161 0.130 0.112
300.000 0.165 0.134 0.117
305.000 0.168 0.138 0.122
310.000 0.171 0.142 0.127
315.000 0.174 0.146 0.132
320.000 0.177 0.150 0.137
325.000 0.180 0.154 0.142
330.000 0.183 0.158 0.147
335.000 0.185 0.161 0.153
340.000 0.187 0.165 0.159
345.000 0.190 0.168 0.165
350.000 0.192 0.171 0.171
355.000 0.194 0.174 0.177
360.000 0.196 0.178 0.184
365.000 0.198 0.181 0.190
370.000 0.200 0.184 0.197
375.000 0.202 0.188 0.205
380.000 0.204 0.191 0.212
385.000 0.206 0.195 0.220
390.000 0.208 0.199 0.228
395.000 0.210 0.202 0.237
400.000 0.212 0.206 0.246
405.000 0.214 0.210 0.256
410.000 0.216 0.214 0.267
415.000 0.218 0.218 0.279
420.000 0.220 0.223 0.290
425.000 0.222 0.228 0.302
430.000 0.225 0.232 0.313
435.000 0.228 0.237 0.324
440.000 0.231 0.243 0.334
445.000 0.235 0.248 0.343
450.000 0.238 0.253 0.351
455.000 0.242 0.259 0.358
460.000 0.247 0.265 0.365
465.000 0.252 0.271 0.372
470.000 0.257 0.278 0.379
475.000 0.262 0.285 0.387
480.000 0.268 0.292 0.394
485.000 0.275 0.299 0.401
490.000 0.281 0.307 0.409
495.000 0.288 0.314 0.417
500.000 0.294 0.322 0.425
505.000 0.301 0.330 0.433
510.000 0.309 0.339 0.441
515.000 0.316 0.347 0.450
520.000 0.324 0.356 0.459
525.000 0.331 0.365 0.468
530.000 0.339 0.375 0.478
535.000 0.347 0.384 0.487
540.000 0.356 0.394 0.497
545.000 0.364 0.404 0.506
550.000 0.373 0.413 0.514
555.000 0.382 0.424 0.523
560.000 0.391 0.434 0.531
565.000 0.400 0.444 0.540
570.000 0.409 0.454 0.549
575.000 0.419 0.464 0.558
580.000 0.428 0.475 0.568
585.000 0.438 0.485 0.578
590.000 0.447 0.496 0.588
595.000 0.457 0.506 0.599
600.000 0.467 0.517 0.610
605.000 0.477 0.528 0.621
610.000 0.486 0.539 0.632
615.000 0.496 0.550 0.643
620.000 0.506 0.562 0.654
625.000 0.516 0.573 0.666
630.000 0.526 0.584 0.678
635.000 0.536 0.595 0.691
640.000 0.545 0.606 0.703
645.000 0.555 0.617 0.715
650.000 0.565 0.627 0.726
655.000 0.575 0.637 0.738
660.000 0.585 0.647 0.749
665.000 0.594 0.657 0.760
670.000 0.603 0.666 0.771
675.000 0.613 0.676 0.782
680.000 0.622 0.685 0.792
685.000 0.631 0.695 0.802
690.000 0.640 0.704 0.812
695.000 0.648 0.713 0.822
700.000 0.657 0.722 0.831
705.000 0.665 0.732 0.842
710.000 0.674 0.741 0.852
715.000 0.683 0.750 0.863
720.000 0.691 0.760 0.875
725.000 0.700 0.769 0.885
730.000 0.709 0.779 0.895
735.000 0.718 0.789 0.905
740.000 0.727 0.800 0.915
745.000 0.737 0.812 0.927
750.000 0.746 0.823 0.937
755.000 0.756 0.834 0.948
760.000 0.766 0.844 0.958
765.000 0.776 0.854 0.968
770.000 0.787 0.864 0.979
775.000 0.797 0.874 0.991
780.000 0.807 0.884 1.002
785.000 0.816 0.894 1.013
790.000 0.826 0.903 1.023
795.000 0.835 0.913 1.033
800.000 0.845 0.922 1.042
805.000 0.855 0.932 1.050
810.000 0.865 0.942 1.058
815.000 0.875 0.952 1.066
820.000 0.884 0.961 1.075
825.000 0.893 0.970 1.083
830.000 0.902 0.978 1.090
835.000 0.910 0.986 1.098
