0.000 0.062 0.000 0.062 0.000 0.000 0.000 0.000 0.000 0.000 0.000 0.000 0.000 0.000 0.000 0.000 0.000 0.000 0.000 0.000 0.000
5.000 0.008 0.000 0.008 0.000 0.000 0.000 0.000 0.000 0.000 0.000 0.000 0.000 0.000 0.000 0.000 0.000 0.000 0.000 0.000 0.000
10.000 0.010 0.000 0.010 0.001 0.000 0.000 0.000 0.000 0.000 0.000 0.000 0.000 0.000 0.000 0.000 0.000 0.000 0.000 0.000 0.000
15.000 0.011 0.000 0.011 0.002 0.000 0.000 0.000 0.000 0.000 0.000 0.000 0.000 0.000 0.000 0.000 0.000 0.000 0.000 0.000 0.000
20.000 0.012 0.001 0.012 0.003 0.000 0.000 0.000 0.000 0.000 0.000 0.000 0.000 0.000 0.000 0.000 0.000 0.000 0.000 0.000 0.000
25.000 0.012 0.001 0.012 0.005 0.000 0.000 0.000 0.000 0.000 0.000 0.000 0.000 0.000 0.000 0.000 0.000 0.000 0.000 0.000 0.000
30.000 0.013 0.002 0.013 0.007 0.001 0.000 0.001 0.000 0.001 0.000 0.001 0.000 0.001 0.000 0.001 0.000 0.001 0.000 0.001 0.000
35.000 0.013 0.002 0.013 0.009 0.001 0.000 0.001 0.000 0.001 0.000 0.001 0.000 0.001 0.000 0.001 0.000 0.001 0.000 0.001 0.000
40.000 0.013 0.003 0.013 0.012 0.002 0.000 0.001 0.001 0.002 0.000 0.001 0.000 0.002 0.000 0.002 0.000 0.002 0.000 0.002 0.000
45.000 0.013 0.004 0.013 0.014 0.003 0.000 0.002 0.001 0.002 0.000 0.002 0.000 0.002 0.000 0.002 0.000 0.002 0.000 0.002 0.000
50.000 0.014 0.004 0.014 0.016 0.004 0.000 0.003 0.001 0.003 0.000 0.002 0.000 0.003 0.001 0.003 0.001 0.003 0.000 0.003 0.001
55.000 0.014 0.005 0.014 0.018 0.005 0.000 0.004 0.002 0.003 0.000 0.003 0.001 0.003 0.001 0.003 0.001 0.003 0.001 0.003 0.001
60.000 0.014 0.005 0.014 0.020 0.006 0.000 0.005 0.003 0.004 0.001 0.004 0.001 0.004 0.001 0.004 0.001 0.004 0.001 0.004 0.001
65.000 0.014 0.005 0.014 0.022 0.007 0.000 0.006 0.004 0.004 0.001 0.004 0.001 0.005 0.002 0.005 0.001 0.004 0.001 0.004 0.002
70.000 0.014 0.004 0.014 0.024 0.008 0.000 0.008 0.006 0.005 0.001 0.005 0.002 0.005 0.002 0.006 0.002 0.005 0.001 0.005 0.002
75.000 0.015 0.004 0.015 0.026 0.010 0.000 0.009 0.007 0.005 0.001 0.006 0.002 0.006 0.003 0.006 0.003 0.005 0.002 0.005 0.003
80.000 0.015 0.003 0.015 0.028 0.011 0.001 0.011 0.009 0.005 0.001 0.006 0.003 0.006 0.004 0.007 0.003 0.005 0.002 0.005 0.004
85.000 0.015 0.002 0.015 0.030 0.011 0.002 0.012 0.010 0.005 0.002 0.007 0.003 0.006 0.005 0.007 0.004 0.006 0.003 0.006 0.004
90.000 0.015 0.000 0.015 0.031 0.012 0.003 0.013 0.010 0.005 0.002 0.007 0.004 0.007 0.006 0.008 0.005 0.006 0.004 0.006 0.005
95.000 0.015 0.003 0.015 0.033 0.013 0.005 0.015 0.011 0.005 0.003 0.008 0.004 0.007 0.007 0.008 0.006 0.006 0.005 0.006 0.006
100.000 0.015 0.006 0.015 0.035 0.013 0.006 0.016 0.011 0.005 0.003 0.008 0.005 0.007 0.008 0.008 0.008 0.006 0.006 0.006 0.007
105.000 0.015 0.009 0.015 0.037 0.013 0.008 0.018 0.010 0.005 0.004 0.009 0.005 0.007 0.009 0.008 0.009 0.006 0.007 0.006 0.008
110.000 0.015 0.011 0.015 0.040 0.013 0.009 0.020 0.008 0.004 0.004 0.009 0.006 0.007 0.011 0.008 0.010 0.006 0.008 0.006 0.009
115.000 0.015 0.014 0.015 0.042 0.014 0.010 0.022 0.006 0.004 0.005 0.010 0.007 0.006 0.012 0.008 0.012 0.006 0.009 0.006 0.010
120.000 0.015 0.017 0.015 0.045 0.014 0.011 0.025 0.003 0.003 0.005 0.011 0.007 0.006 0.014 0.008 0.013 0.006 0.010 0.006 0.011
125.000 0.015 0.020 0.015 0.048 0.014 0.011 0.028 0.001 0.003 0.006 0.012 0.008 0.006 0.015 0.008 0.015 0.006 0.012 0.006 0.012
130.000 0.015 0.023 0.015 0.051 0.015 0.011 0.031 0.006 0.002 0.007 0.012 0.008 0.006 0.016 0.007 0.016 0.006 0.013 0.006 0.013
135.000 0.015 0.027 0.015 0.054 0.015 0.010 0.035 0.010 0.002 0.007 0.013 0.009 0.006 0.018 0.007 0.018 0.005 0.014 0.006 0.014
140.000 0.015 0.031 0.015 0.058 0.016 0.008 0.039 0.015 0.001 0.007 0.014 0.009 0.006 0.019 0.007 0.019 0.005 0.015 0.006 0.015
145.000 0.015 0.035 0.015 0.061 0.017 0.006 0.044 0.019 0.000 0.008 0.015 0.009 0.006 0.021 0.007 0.021 0.005 0.017 0.006 0.016
150.000 0.015 0.040 0.015 0.065 0.016 0.003 0.050 0.023 0.000 0.008 0.016 0.009 0.006 0.023 0.006 0.022 0.006 0.018 0.006 0.016
155.000 0.015 0.046 0.015 0.069 0.016 0.001 0.057 0.027 0.000 0.009 0.017 0.009 0.007 0.025 0.006 0.024 0.006 0.020 0.006 0.017
160.000 0.015 0.052 0.015 0.074 0.014 0.005 0.064 0.032 0.000 0.010 0.018 0.009 0.007 0.027 0.006 0.026 0.006 0.022 0.006 0.017
165.000 0.015 0.060 0.015 0.079 0.011 0.008 0.071 0.039 0.000 0.010 0.019 0.008 0.008 0.029 0.006 0.028 0.007 0.024 0.007 0.017
170.000 0.015 0.068 0.015 0.085 0.008 0.011 0.080 0.046 0.001 0.011 0.019 0.006 0.009 0.031 0.006 0.030 0.007 0.026 0.007 0.016
175.000 0.015 0.077 0.015 0.092 0.005 0.013 0.088 0.054 0.002 0.011 0.019 0.004 0.009 0.033 0.006 0.032 0.007 0.028 0.007 0.015
180.000 0.015 0.087 0.015 0.099 0.002 0.014 0.098 0.061 0.003 0.011 0.019 0.000 0.009 0.036 0.005 0.034 0.008 0.030 0.007 0.014
185.000 0.015 0.098 0.015 0.108 0.001 0.016 0.108 0.069 0.004 0.010 0.018 0.005 0.009 0.038 0.005 0.037 0.008 0.032 0.006 0.013
190.000 0.015 0.110 0.015 0.118 0.004 0.018 0.119 0.076 0.005 0.008 0.017 0.012 0.009 0.041 0.005 0.039 0.008 0.033 0.006 0.012
195.000 0.015 0.124 0.015 0.129 0.007 0.021 0.130 0.083 0.006 0.005 0.015 0.020 0.009 0.044 0.005 0.042 0.009 0.035 0.005 0.012
200.000 0.015 0.140 0.015 0.141 0.011 0.024 0.141 0.091 0.007 0.001 0.014 0.029 0.009 0.047 0.005 0.044 0.009 0.037 0.005 0.012
205.000 0.015 0.157 0.015 0.156 0.015 0.028 0.153 0.099 0.007 0.005 0.012 0.038 0.009 0.050 0.005 0.047 0.009 0.039 0.004 0.014
210.000 0.015 0.175 0.015 0.172 0.018 0.033 0.165 0.108 0.007 0.012 0.011 0.048 0.009 0.053 0.005 0.050 0.010 0.042 0.004 0.015
215.000 0.015 0.195 0.015 0.190 0.021 0.037 0.177 0.119 0.007 0.019 0.012 0.058 0.008 0.056 0.006 0.053 0.011 0.046 0.004 0.018
220.000 0.015 0.217 0.014 0.209 0.024 0.042 0.189 0.131 0.007 0.027 0.013 0.068 0.008 0.060 0.006 0.056 0.011 0.050 0.004 0.021
225.000 0.014 0.241 0.014 0.231 0.027 0.046 0.201 0.145 0.007 0.035 0.015 0.078 0.008 0.063 0.006 0.059 0.012 0.055 0.004 0.025
230.000 0.014 0.266 0.014 0.255 0.031 0.050 0.213 0.158 0.006 0.042 0.016 0.088 0.008 0.067 0.007 0.063 0.012 0.061 0.004 0.030
235.000 0.014 0.293 0.014 0.280 0.035 0.055 0.226 0.171 0.004 0.050 0.017 0.098 0.008 0.072 0.007 0.066 0.012 0.068 0.004 0.035
240.000 0.014 0.323 0.014 0.308 0.039 0.059 0.239 0.183 0.003 0.059 0.017 0.109 0.008 0.076 0.007 0.070 0.011 0.076 0.004 0.042
245.000 0.014 0.356 0.014 0.339 0.042 0.063 0.252 0.195 0.003 0.068 0.016 0.122 0.008 0.081 0.006 0.074 0.011 0.084 0.004 0.050
250.000 0.014 0.391 0.014 0.372 0.045 0.067 0.264 0.208 0.003 0.080 0.016 0.136 0.008 0.086 0.006 0.078 0.011 0.094 0.005 0.058
255.000 0.014 0.427 0.014 0.408 0.048 0.071 0.275 0.222 0.003 0.093 0.017 0.150 0.008 0.091 0.006 0.082 0.012 0.105 0.005 0.067
260.000 0.014 0.465 0.014 0.446 0.051 0.075 0.286 0.236 0.003 0.109 0.017 0.165 0.008 0.097 0.006 0.087 0.012 0.116 0.004 0.077
265.000 0.014 0.504 0.014 0.486 0.053 0.079 0.297 0.250 0.003 0.126 0.017 0.181 0.009 0.104 0.005 0.092 0.013 0.129 0.004 0.088
270.000 0.014 0.544 0.014 0.527 0.055 0.084 0.306 0.264 0.002 0.142 0.017 0.197 0.009 0.111 0.005 0.097 0.014 0.144 0.003 0.100
275.000 0.014 0.585 0.014 0.569 0.056 0.089 0.314 0.278 0.002 0.158 0.017 0.215 0.009 0.118 0.005 0.103 0.015 0.160 0.002 0.113
280.000 0.014 0.626 0.014 0.612 0.056 0.095 0.321 0.292 0.001 0.175 0.017 0.232 0.009 0.126 0.005 0.109 0.016 0.177 0.001 0.127
285.000 0.014 0.669 0.014 0.656 0.057 0.101 0.328 0.307 0.000 0.192 0.017 0.249 0.009 0.135 0.005 0.115 0.016 0.196 0.000 0.143
290.000 0.014 0.711 0.014 0.700 0.058 0.107 0.334 0.321 0.001 0.210 0.018 0.266 0.009 0.144 0.005 0.122 0.017 0.215 0.001 0.159
295.000 0.014 0.754 0.014 0.744 0.059 0.114 0.340 0.336 0.001 0.227 0.018 0.282 0.008 0.154 0.005 0.129 0.018 0.237 0.001 0.178
300.000 0.014 0.796 0.014 0.788 0.059 0.121 0.345 0.350 0.002 0.243 0.019 0.298 0.008 0.165 0.006 0.137 0.019 0.260 0.002 0.197
305.000 0.014 0.838 0.014 0.832 0.058 0.128 0.350 0.365 0.002 0.257 0.018 0.313 0.007 0.176 0.006 0.145 0.020 0.284 0.002 0.218
310.000 0.014 0.879 0.014 0.875 0.058 0.135 0.354 0.380 0.002 0.272 0.017 0.327 0.007 0.188 0.006 0.153 0.021 0.310 0.003 0.241
315.000 0.014 0.920 0.014 0.918 0.058 0.141 0.358 0.394 0.003 0.286 0.017 0.339 0.007 0.201 0.006 0.161 0.021 0.336 0.004 0.265
320.000 0.014 0.961 0.014 0.960 0.058 0.148 0.361 0.407 0.003 0.299 0.017 0.349 0.007 0.214 0.006 0.170 0.022 0.364 0.005 0.289
325.000 0.014 1.001 0.014 1.002 0.057 0.155 0.364 0.420 0.003 0.311 0.018 0.358 0.007 0.228 0.006 0.178 0.023 0.392 0.005 0.315
330.000 0.014 1.040 0.014 1.042 0.056 0.162 0.366 0.433 0.004 0.322 0.018 0.367 0.007 0.241 0.005 0.185 0.024 0.421 0.006 0.341
335.000 0.014 1.077 0.014 1.082 0.055 0.170 0.368 0.446 0.004 0.332 0.018 0.375 0.007 0.254 0.005 0.192 0.024 0.451 0.006 0.367
340.000 0.014 1.113 0.014 1.120 0.054 0.177 0.370 0.459 0.005 0.340 0.019 0.381 0.007 0.267 0.005 0.197 0.024 0.480 0.006 0.394
345.000 0.014 1.148 0.014 1.157 0.054 0.185 0.372 0.471 0.006 0.346 0.019 0.386 0.007 0.279 0.005 0.202 0.025 0.509 0.006 0.420
350.000 0.014 1.182 0.014 1.192 0.054 0.194 0.374 0.483 0.007 0.349 0.020 0.389 0.007 0.290 0.005 0.206 0.025 0.537 0.006 0.445
355.000 0.014 1.214 0.014 1.226 0.053 0.203 0.376 0.496 0.007 0.350 0.021 0.390 0.007 0.300 0.004 0.211 0.025 0.565 0.006 0.468
360.000 0.014 1.246 0.014 1.259 0.052 0.212 0.378 0.508 0.008 0.348 0.022 0.388 0.007 0.309 0.004 0.216 0.024 0.591 0.006 0.490
365.000 0.014 1.278 0.014 1.291 0.052 0.221 0.379 0.520 0.009 0.344 0.023 0.384 0.006 0.319 0.004 0.223 0.024 0.615 0.005 0.509
370.000 0.014 1.309 0.014 1.323 0.051 0.230 0.380 0.533 0.010 0.337 0.023 0.378 0.006 0.331 0.005 0.231 0.023 0.636 0.005 0.525
375.000 0.014 1.339 0.014 1.353 0.049 0.239 0.381 0.545 0.011 0.327 0.024 0.370 0.005 0.344 0.005 0.239 0.023 0.653 0.005 0.537
380.000 0.014 1.369 0.014 1.384 0.048 0.248 0.382 0.556 0.011 0.314 0.026 0.358 0.005 0.358 0.005 0.249 0.022 0.667 0.004 0.544
385.000 0.014 1.399 0.014 1.414 0.048 0.257 0.383 0.568 0.012 0.298 0.027 0.343 0.005 0.374 0.005 0.262 0.021 0.675 0.004 0.544
390.000 0.014 1.428 0.014 1.444 0.047 0.267 0.384 0.579 0.013 0.280 0.028 0.325 0.006 0.392 0.004 0.277 0.021 0.676 0.003 0.535
395.000 0.014 1.457 0.014 1.473 0.047 0.278 0.386 0.591 0.013 0.258 0.029 0.305 0.006 0.413 0.004 0.294 0.020 0.668 0.004 0.516
400.000 0.014 1.485 0.014 1.502 0.047 0.290 0.387 0.604 0.013 0.233 0.029 0.282 0.007 0.435 0.003 0.313 0.020 0.651 0.004 0.485
405.000 0.014 1.513 0.014 1.531 0.046 0.303 0.388 0.618 0.013 0.204 0.030 0.256 0.006 0.459 0.003 0.333 0.020 0.621 0.004 0.440
410.000 0.014 1.541 0.014 1.559 0.045 0.319 0.389 0.633 0.013 0.172 0.031 0.225 0.006 0.484 0.003 0.356 0.020 0.577 0.005 0.381
415.000 0.014 1.571 0.014 1.587 0.044 0.335 0.390 0.649 0.012 0.135 0.032 0.191 0.006 0.510 0.004 0.380 0.020 0.518 0.005 0.311
420.000 0.014 1.602 0.014 1.617 0.043 0.354 0.391 0.666 0.012 0.095 0.033 0.152 0.005 0.537 0.005 0.405 0.020 0.444 0.006 0.234
425.000 0.014 1.635 0.014 1.648 0.043 0.374 0.392 0.685 0.010 0.049 0.033 0.109 0.005 0.564 0.004 0.432 0.020 0.362 0.008 0.155
430.000 0.014 1.670 0.014 1.682 0.042 0.396 0.394 0.705 0.008 0.002 0.033 0.061 0.005 0.592 0.003 0.459 0.022 0.275 0.010 0.078
435.000 0.014 1.709 0.014 1.718 0.042 0.421 0.397 0.728 0.006 0.058 0.032 0.006 0.007 0.620 0.003 0.487 0.025 0.188 0.014 0.007
440.000 0.014 1.750 0.014 1.758 0.041 0.447 0.400 0.753 0.003 0.118 0.031 0.054 0.007 0.647 0.002 0.516 0.028 0.105 0.019 0.060
445.000 0.014 1.796 0.014 1.801 0.041 0.476 0.403 0.780 0.000 0.182 0.029 0.117 0.007 0.675 0.002 0.546 0.030 0.028 0.023 0.121
450.000 0.014 1.846 0.013 1.848 0.039 0.509 0.406 0.810 0.004 0.251 0.028 0.183 0.007 0.705 0.002 0.577 0.034 0.039 0.027 0.175
455.000 0.014 1.902 0.013 1.900 0.038 0.544 0.410 0.843 0.008 0.324 0.026 0.252 0.007 0.734 0.003 0.608 0.037 0.093 0.032 0.221
460.000 0.014 1.963 0.013 1.957 0.037 0.583 0.415 0.880 0.011 0.399 0.024 0.323 0.007 0.763 0.003 0.641 0.041 0.132 0.037 0.256
465.000 0.014 2.031 0.013 2.021 0.036 0.625 0.420 0.921 0.014 0.475 0.023 0.396 0.007 0.795 0.002 0.676 0.046 0.154 0.043 0.279
470.000 0.013 2.107 0.013 2.092 0.034 0.669 0.426 0.966 0.017 0.554 0.022 0.471 0.007 0.828 0.001 0.711 0.051 0.160 0.048 0.286
475.000 0.013 2.192 0.013 2.171 0.032 0.717 0.432 1.014 0.020 0.634 0.020 0.547 0.008 0.863 0.001 0.747 0.057 0.153 0.053 0.282
480.000 0.013 2.286 0.013 2.260 0.030 0.765 0.439 1.066 0.022 0.714 0.019 0.625 0.009 0.898 0.001 0.783 0.062 0.136 0.058 0.266
485.000 0.013 2.390 0.013 2.359 0.027 0.814 0.446 1.120 0.024 0.796 0.019 0.704 0.008 0.935 0.001 0.819 0.070 0.110 0.065 0.242
490.000 0.013 2.504 0.013 2.469 0.023 0.864 0.454 1.177 0.026 0.879 0.019 0.784 0.007 0.974 0.001 0.856 0.079 0.075 0.074 0.210
495.000 0.013 2.628 0.013 2.589 0.019 0.916 0.462 1.236 0.027 0.963 0.018 0.865 0.007 1.014 0.002 0.892 0.090 0.033 0.083 0.173
500.000 0.013 2.761 0.013 2.719 0.015 0.971 0.470 1.299 0.029 1.048 0.018 0.947 0.008 1.055 0.001 0.928 0.099 0.015 0.092 0.129
505.000 0.013 2.902 0.013 2.858 0.011 1.028 0.479 1.366 0.030 1.135 0.019 1.030 0.008 1.098 0.000 0.965 0.107 0.069 0.099 0.079
510.000 0.013 3.051 0.013 3.005 0.006 1.088 0.488 1.438 0.030 1.224 0.020 1.115 0.009 1.143 0.001 1.001 0.115 0.129 0.105 0.024
515.000 0.013 3.208 0.013 3.160 0.000 1.152 0.498 1.513 0.030 1.315 0.021 1.202 0.008 1.187 0.001 1.038 0.121 0.195 0.110 0.040
520.000 0.013 3.375 0.013 3.323 0.006 1.218 0.508 1.591 0.030 1.407 0.023 1.292 0.008 1.231 0.000 1.073 0.126 0.268 0.115 0.111
525.000 0.013 3.552 0.013 3.497 0.013 1.287 0.518 1.672 0.030 1.502 0.024 1.384 0.008 1.275 0.000 1.108 0.132 0.350 0.119 0.189
530.000 0.013 3.739 0.013 3.682 0.020 1.358 0.528 1.759 0.031 1.599 0.024 1.479 0.008 1.318 0.001 1.142 0.136 0.437 0.122 0.273
535.000 0.013 3.935 0.013 3.877 0.027 1.433 0.538 1.848 0.032 1.698 0.025 1.576 0.009 1.361 0.001 1.175 0.141 0.526 0.126 0.364
540.000 0.013 4.140 0.013 4.081 0.036 1.512 0.550 1.942 0.033 1.801 0.025 1.678 0.009 1.404 0.001 1.208 0.147 0.615 0.131 0.458
545.000 0.013 4.356 0.013 4.294 0.045 1.595 0.561 2.042 0.034 1.907 0.025 1.783 0.008 1.449 0.002 1.242 0.154 0.702 0.136 0.555
550.000 0.013 4.582 0.013 4.518 0.054 1.682 0.572 2.147 0.036 2.016 0.026 1.890 0.008 1.495 0.002 1.279 0.160 0.792 0.142 0.653
555.000 0.013 4.819 0.013 4.752 0.064 1.773 0.584 2.256 0.037 2.127 0.025 2.001 0.009 1.544 0.002 1.319 0.164 0.888 0.144 0.754
560.000 0.013 5.069 0.013 5.000 0.075 1.868 0.597 2.370 0.039 2.241 0.025 2.114 0.009 1.596 0.003 1.366 0.167 0.996 0.144 0.860
565.000 0.013 5.331 0.013 5.260 0.086 1.966 0.609 2.489 0.041 2.356 0.025 2.230 0.009 1.653 0.003 1.420 0.169 1.117 0.145 0.977
570.000 0.013 5.607 0.013 5.533 0.098 2.069 0.622 2.614 0.043 2.474 0.025 2.348 0.009 1.714 0.003 1.481 0.172 1.251 0.147 1.105
575.000 0.013 5.895 0.013 5.819 0.111 2.175 0.636 2.743 0.044 2.593 0.025 2.469 0.009 1.779 0.003 1.549 0.175 1.396 0.147 1.246
580.000 0.013 6.195 0.013 6.118 0.124 2.285 0.649 2.878 0.044 2.715 0.026 2.591 0.009 1.845 0.003 1.622 0.177 1.553 0.146 1.400
585.000 0.013 6.509 0.013 6.430 0.138 2.398 0.663 3.018 0.046 2.841 0.027 2.717 0.009 1.910 0.004 1.697 0.176 1.723 0.143 1.566
590.000 0.013 6.836 0.013 6.755 0.153 2.515 0.677 3.163 0.047 2.970 0.027 2.845 0.010 1.973 0.003 1.770 0.176 1.904 0.139 1.744
595.000 0.013 7.175 0.013 7.094 0.169 2.634 0.692 3.311 0.048 3.104 0.028 2.978 0.009 2.032 0.004 1.841 0.177 2.095 0.138 1.932
600.000 0.013 7.527 0.013 7.445 0.185 2.756 0.706 3.464 0.049 3.243 0.029 3.116 0.009 2.088 0.004 1.908 0.179 2.294 0.137 2.130
605.000 0.013 7.889 0.013 7.807 0.202 2.881 0.721 3.621 0.049 3.389 0.031 3.260 0.010 2.141 0.003 1.970 0.179 2.500 0.134 2.336
610.000 0.013 8.261 0.013 8.179 0.219 3.009 0.735 3.782 0.048 3.540 0.033 3.411 0.009 2.193 0.004 2.029 0.178 2.711 0.130 2.547
615.000 0.013 8.641 0.013 8.560 0.237 3.142 0.750 3.948 0.047 3.697 0.037 3.567 0.009 2.243 0.003 2.085 0.176 2.925 0.125 2.761
620.000 0.013 9.031 0.013 8.950 0.255 3.281 0.765 4.118 0.045 3.860 0.041 3.731 0.009 2.291 0.003 2.137 0.174 3.145 0.120 2.977
625.000 0.013 9.431 0.013 9.349 0.274 3.424 0.779 4.293 0.041 4.027 0.047 3.901 0.009 2.336 0.003 2.186 0.170 3.369 0.114 3.197
630.000 0.013 9.840 0.013 9.758 0.295 3.572 0.793 4.473 0.034 4.199 0.055 4.076 0.009 2.377 0.003 2.228 0.168 3.599 0.109 3.426
635.000 0.013 10.262 0.013 10.179 0.315 3.724 0.806 4.658 0.027 4.374 0.064 4.256 0.009 2.414 0.003 2.263 0.166 3.834 0.104 3.664
640.000 0.013 10.696 0.013 10.612 0.336 3.878 0.820 4.848 0.019 4.551 0.074 4.440 0.008 2.445 0.002 2.290 0.166 4.072 0.102 3.910
645.000 0.013 11.143 0.013 11.058 0.359 4.036 0.834 5.042 0.010 4.732 0.084 4.627 0.008 2.470 0.002 2.311 0.165 4.313 0.099 4.158
650.000 0.013 11.601 0.013 11.516 0.382 4.195 0.847 5.239 0.001 4.915 0.095 4.818 0.008 2.488 0.002 2.326 0.164 4.557 0.095 4.406
655.000 0.013 12.070 0.013 11.985 0.406 4.354 0.860 5.439 0.009 5.101 0.106 5.011 0.008 2.500 0.002 2.335 0.162 4.804 0.092 4.656
660.000 0.013 12.546 0.013 12.463 0.431 4.512 0.874 5.639 0.017 5.287 0.116 5.203 0.008 2.507 0.002 2.339 0.160 5.052 0.088 4.909
665.000 0.013 13.029 0.013 12.948 0.455 4.670 0.889 5.840 0.023 5.472 0.123 5.394 0.008 2.510 0.002 2.338 0.157 5.297 0.084 5.161
670.000 0.013 13.514 0.013 13.436 0.480 4.831 0.905 6.044 0.028 5.657 0.130 5.581 0.008 2.511 0.002 2.334 0.153 5.535 0.078 5.407
675.000 0.013 13.999 0.013 13.923 0.505 4.994 0.922 6.250 0.034 5.841 0.137 5.768 0.007 2.512 0.002 2.331 0.148 5.766 0.072 5.645
680.000 0.013 14.488 0.013 14.412 0.530 5.159 0.939 6.459 0.040 6.026 0.145 5.955 0.008 2.517 0.002 2.332 0.143 5.990 0.066 5.876
685.000 0.013 14.982 0.013 14.906 0.553 5.320 0.959 6.668 0.046 6.213 0.152 6.145 0.008 2.529 0.002 2.340 0.137 6.210 0.058 6.102
690.000 0.013 15.482 0.013 15.408 0.576 5.478 0.981 6.874 0.050 6.402 0.157 6.337 0.008 2.552 0.002 2.357 0.130 6.429 0.051 6.326
695.000 0.013 15.984 0.013 15.913 0.600 5.634 1.002 7.078 0.053 6.594 0.162 6.532 0.008 2.588 0.002 2.385 0.125 6.650 0.045 6.550
700.000 0.013 16.483 0.013 16.415 0.625 5.795 1.023 7.285 0.055 6.789 0.166 6.729 0.008 2.633 0.003 2.425 0.117 6.881 0.035 6.777
705.000 0.013 16.978 0.013 16.912 0.649 5.964 1.045 7.497 0.056 6.985 0.169 6.924 0.009 2.684 0.003 2.472 0.101 7.127 0.018 7.014
710.000 0.013 17.477 0.013 17.408 0.672 6.137 1.068 7.715 0.057 7.181 0.172 7.119 0.008 2.738 0.003 2.524 0.080 7.386 0.005 7.264
715.000 0.013 17.986 0.013 17.915 0.695 6.308 1.093 7.934 0.057 7.379 0.174 7.317 0.009 2.796 0.003 2.581 0.062 7.651 0.022 7.525
720.000 0.013 18.508 0.013 18.437 0.718 6.478 1.119 8.152 0.057 7.579 0.175 7.520 0.009 2.859 0.004 2.642 0.054 7.915 0.030 7.791
725.000 0.013 19.040 0.013 18.971 0.742 6.649 1.146 8.373 0.054 7.788 0.175 7.731 0.009 2.924 0.004 2.710 0.050 8.165 0.034 8.052
730.000 0.013 19.577 0.013 19.509 0.768 6.828 1.172 8.602 0.048 8.008 0.171 7.945 0.010 2.989 0.005 2.780 0.042 8.391 0.042 8.293
735.000 0.013 20.121 0.013 20.051 0.797 7.017 1.196 8.839 0.041 8.235 0.166 8.162 0.010 3.050 0.005 2.848 0.030 8.613 0.056 8.514
740.000 0.013 20.680 0.013 20.606 0.824 7.212 1.221 9.084 0.037 8.467 0.164 8.383 0.011 3.104 0.006 2.911 0.013 8.860 0.071 8.742
745.000 0.013 21.257 0.013 21.180 0.851 7.413 1.250 9.334 0.035 8.701 0.164 8.616 0.011 3.154 0.006 2.965 0.002 9.128 0.081 8.999
750.000 0.013 21.854 0.013 21.777 0.878 7.618 1.279 9.592 0.032 8.938 0.163 8.860 0.011 3.202 0.006 3.014 0.001 9.386 0.082 9.271
755.000 0.013 22.471 0.013 22.391 0.908 7.831 1.307 9.860 0.025 9.176 0.158 9.108 0.012 3.247 0.007 3.064 0.001 9.636 0.083 9.531
760.000 0.013 23.107 0.013 23.025 0.938 8.050 1.337 10.137 0.019 9.413 0.153 9.354 0.013 3.289 0.008 3.113 0.014 9.905 0.097 9.793
765.000 0.013 23.766 0.013 23.682 0.967 8.275 1.372 10.422 0.017 9.650 0.152 9.596 0.013 3.320 0.008 3.154 0.033 10.203 0.115 10.083
770.000 0.013 24.446 0.013 24.361 0.996 8.500 1.411 10.715 0.014 9.889 0.151 9.840 0.013 3.337 0.008 3.176 0.044 10.522 0.127 10.395
775.000 0.013 25.146 0.013 25.059 1.027 8.723 1.450 11.012 0.009 10.127 0.147 10.081 0.015 3.342 0.009 3.183 0.055 10.859 0.137 10.722
780.000 0.013 25.862 0.013 25.776 1.058 8.943 1.494 11.310 0.004 10.362 0.144 10.320 0.015 3.343 0.010 3.183 0.071 11.192 0.153 11.057
785.000 0.013 26.587 0.013 26.504 1.083 9.161 1.544 11.609 0.001 10.596 0.142 10.556 0.015 3.346 0.010 3.188 0.081 11.494 0.162 11.377
790.000 0.013 27.312 0.013 27.233 1.105 9.382 1.603 11.912 0.003 10.828 0.140 10.791 0.016 3.353 0.011 3.198 0.083 11.771 0.163 11.667
795.000 0.013 28.036 0.013 27.956 1.127 9.608 1.665 12.220 0.011 11.054 0.134 11.020 0.017 3.360 0.011 3.208 0.089 12.045 0.166 11.950
800.000 0.013 28.766 0.013 28.684 1.153 9.839 1.725 12.534 0.013 11.275 0.133 11.241 0.018 3.359 0.012 3.212 0.090 12.316 0.168 12.238
805.000 0.013 29.511 0.013 29.427 1.177 10.073 1.786 12.851 0.008 11.495 0.141 11.459 0.017 3.350 0.012 3.208 0.081 12.577 0.157 12.510
810.000 0.013 30.272 0.013 30.187 1.199 10.305 1.852 13.171 0.002 11.714 0.148 11.676 0.017 3.338 0.011 3.201 0.077 12.843 0.152 12.762
815.000 0.013 31.046 0.013 30.963 1.221 10.535 1.916 13.493 0.002 11.928 0.148 11.896 0.019 3.330 0.013 3.196 0.084 13.105 0.159 13.018
820.000 0.013 31.828 0.013 31.747 1.248 10.763 1.974 13.814 0.000 12.135 0.151 12.116 0.019 3.333 0.013 3.197 0.079 13.353 0.153 13.277
825.000 0.013 32.608 0.013 32.532 1.276 10.992 2.030 14.133 0.007 12.331 0.157 12.324 0.016 3.348 0.010 3.204 0.062 13.599 0.134 13.530
830.000 0.013 33.378 0.013 33.306 1.300 11.226 2.087 14.451 0.011 12.512 0.162 12.516 0.017 3.367 0.011 3.217 0.059 13.847 0.131 13.781
835.000 0.013 34.138 0.013 34.067 1.324 11.460 2.142 14.770 0.013 12.687 0.165 12.699 0.021 3.377 0.015 3.230 0.068 14.091 0.140 14.026
