0.00000 0.00000 0.00000 0.00000 0.00000 0.00000
10.00000 0.00000 0.00000 0.00000 0.00000 0.00000
20.00000 0.00000 0.00000 0.00000 0.00000 0.00000
30.00000 0.00000 0.00000 0.00000 0.00000 0.00000
40.00000 0.00000 0.00000 0.00000 0.00000 0.00000
49.88200 0.00000 0.00000 0.00000 0.00000 0.00000
58.08600 0.00000 0.00000 0.00000 0.00000 0.00000
65.12200 0.00000 0.00000 0.00000 0.00000 0.00000
71.30500 0.00000 0.00000 0.00000 0.00000 0.00000
76.82700 0.00000 0.00000 0.00000 0.00000 0.00000
86.40700 0.00000 0.00000 0.00000 0.00000 0.00000
94.57200 0.00000 0.00000 0.00000 0.00000 0.00000
101.70300 0.00000 0.00000 0.00000 0.00000 0.00000
108.06100 0.00000 0.00000 0.00000 0.00000 0.00000
113.82100 0.00000 0.00000 0.00000 0.00000 0.00000
121.48700 0.00000 0.00000 0.00000 0.00000 0.00000
128.36200 0.00000 0.00000 0.00000 0.00000 0.00000
134.62600 0.00000 0.00000 0.00000 0.00000 0.00000
140.40300 0.00000 0.00000 0.00000 0.00000 0.00000
145.78100 0.00000 0.00000 0.00000 0.00000 0.00000
152.48100 0.00000 0.00000 0.00000 0.00000 0.00000
158.70900 0.00000 0.00000 0.00000 0.00000 0.00000
164.55100 0.00000 0.00000 0.00000 0.00000 0.00000
170.06900 0.00000 0.00000 0.00000 0.00000 0.00000
175.32400 0.00000 0.00000 0.00000 0.00000 0.00000
180.36900 0.00000 0.00000 0.00000 0.00000 0.00000
186.44000 0.00000 0.00000 0.00000 0.00000 0.00000
192.29800 0.00000 0.00000 0.00000 0.00000 0.00000
197.98400 0.00000 0.00000 0.00000 0.00000 0.00000
203.50100 0.00000 0.00000 0.00000 0.00000 0.00000
208.87900 0.00000 0.00000 0.00000 0.00000 0.00000
214.13400 0.00000 0.00000 0.00000 0.00000 0.00000
219.27100 0.00000 0.00000 0.00000 0.00000 0.00000
224.31800 0.00000 0.00000 0.00000 0.00000 0.00000
230.29000 0.00000 0.00000 0.00000 0.00000 0.00000
236.19300 0.00000 0.00000 0.00000 0.00000 0.00000
242.02600 0.00000 0.00000 0.00000 0.00000 0.00000
247.80600 0.00000 0.00000 0.00000 0.00000 0.00000
253.54200 0.00000 0.00000 0.00000 0.00000 0.00000
259.24900 0.00000 0.00000 0.00000 0.00000 0.00000
264.89700 0.00000 0.00000 0.00000 0.00000 0.00000
270.41500 0.00000 0.00000 0.00000 0.00000 0.00000
275.80800 0.00000 0.00000 0.00000 -0.00000 0.00000
281.08000 0.00000 0.00000 0.00000 -0.00000 0.00000
286.23500 0.00000 0.00000 0.00000 -0.00000 0.00000
291.27400 0.00000 0.00000 0.00000 -0.00000 0.00000
