0.000 -9999.000 -9999.000 1620.104
10.000 -9999.000 -9999.000 1620.104
20.000 -9999.000 -9999.000 1620.104
30.000 -9999.000 -9999.000 1620.104
40.000 -9999.000 -9999.000 1620.104
48.890 -9999.000 -9999.000 1620.104
56.086 -9999.000 -9999.000 1620.104
62.119 -9999.000 -9999.000 1620.104
71.904 -9999.000 -9999.000 1620.104
79.675 -9999.000 -9999.000 1620.104
86.106 -9999.000 -9999.000 1620.104
91.613 -9999.000 -9999.000 1620.104
98.619 -9999.000 -9999.000 1620.104
104.561 -9999.000 -9999.000 1620.104
111.341 -9999.000 -9999.000 1620.104
117.241 -9999.000 -9999.000 1620.104
122.519 -9999.000 -9999.000 1620.104
128.551 -9999.000 -9999.000 1620.104
134.117 -9999.000 -9999.000 1620.104
139.327 -9999.000 -9999.000 1620.104
145.099 -9999.000 -9999.000 1620.104
150.455 -9999.000 -9999.000 1620.104
155.536 -9999.000 -9999.000 1620.104
161.287 -9999.000 -9999.000 1620.104
166.966 -9999.000 -9999.000 1620.104
172.598 -9999.000 -9999.000 1620.104
178.161 -9999.000 -9999.000 1620.104
183.648 -9999.000 -9999.000 1620.104
