0.000 0.000 0.000 0.000 0.000 0.000
10.000 0.000 0.000 0.000 0.000 0.000
20.000 0.000 0.000 0.000 0.000 0.000
30.000 0.000 0.000 0.000 0.000 0.000
40.000 0.000 0.000 0.000 0.000 0.000
48.890 0.000 0.000 0.000 0.000 0.000
56.086 0.000 0.000 0.000 0.000 0.000
62.119 0.000 0.000 0.000 0.000 0.000
71.904 0.000 0.000 0.000 0.000 0.000
79.675 0.000 0.000 0.000 0.000 0.000
86.106 0.000 0.000 0.000 0.000 0.000
91.613 0.000 0.000 0.000 0.000 0.000
98.619 0.000 0.000 0.000 0.000 0.000
104.561 0.000 0.000 0.000 0.000 0.000
111.341 0.000 0.000 0.000 0.000 0.000
117.241 0.000 0.000 0.000 0.000 0.000
122.519 0.000 0.000 0.000 0.000 0.000
128.551 0.000 0.000 0.000 0.000 0.000
134.117 0.000 0.000 0.000 0.000 0.000
139.327 0.000 0.000 0.000 0.000 0.000
145.099 0.000 0.000 0.000 0.000 0.000
150.455 0.000 0.000 0.000 0.000 0.000
155.536 0.000 0.000 0.000 0.000 0.000
161.287 0.000 0.000 0.000 0.000 0.000
166.966 0.000 0.000 0.000 0.000 0.000
172.598 0.000 0.000 0.000 0.000 0.000
178.161 0.000 0.000 0.000 0.000 0.000
183.648 0.000 0.000 0.000 0.000 0.000
