0.000
0.000
0.000
0.000
0.000
0.000
10.000
0.000
0.000
0.000
0.000
0.002
20.000
0.000
0.000
0.000
0.000
0.005
30.000
0.000
0.000
0.000
0.000
0.008
40.000
0.000
0.000
0.000
0.000
0.012
48.876
0.000
0.000
0.000
0.000
0.018
56.079
0.000
0.000
0.000
0.000
0.026
62.146
0.000
0.000
0.000
0.000
0.035
72.019
0.000
0.000
0.000
0.000
0.054
79.927
0.000
0.000
0.000
0.000
0.070
86.580
0.000
0.000
0.000
0.000
0.041
92.367
0.000
0.000
0.000
0.000
0.041
99.937
0.000
0.000
0.000
0.000
0.116
106.536
0.000
0.000
0.000
0.000
0.046
112.419
0.000
0.000
0.000
0.000
0.162
117.743
0.000
0.000
0.000
0.000
0.052
124.165
0.000
0.000
0.000
0.000
0.072
129.989
0.000
0.000
0.000
0.000
0.083
135.372
0.000
0.000
0.000
0.000
0.090
141.626
0.000
0.000
0.000
0.000
0.096
147.449
0.000
0.000
0.000
0.000
0.102
152.911
0.000
0.000
0.000
0.000
0.107
158.051
0.000
0.000
0.000
0.000
0.112
163.845
0.000
0.000
0.000
0.000
0.118
169.312
0.000
0.000
0.000
0.000
0.124
174.505
0.000
0.000
0.000
0.000
0.129
180.267
0.000
0.000
0.000
0.000
0.136
185.744
0.000
0.000
0.000
0.000
0.142
190.964
0.000
0.000
0.000
0.000
0.148
196.645
0.000
0.000
0.000
0.000
0.155
202.081
0.000
0.000
0.000
0.000
0.161
207.323
0.000
0.000
0.000
0.000
0.167
212.413
0.000
0.000
0.000
0.000
0.173
217.995
0.000
0.000
0.000
0.000
0.180
223.452
0.000
0.000
0.000
0.000
0.186
228.802
0.000
0.000
0.000
0.000
0.192
234.064
0.000
0.000
0.000
0.000
0.198
239.248
0.000
0.000
0.000
0.000
0.203
244.363
0.000
0.000
0.000
0.000
0.209
249.423
0.000
0.000
0.000
0.000
0.214
254.437
0.000
0.000
0.000
0.000
0.219
259.960
0.000
0.000
0.000
0.000
0.225
265.437
0.000
0.000
0.000
0.000
0.230
270.872
0.000
0.000
0.000
0.000
0.235
276.279
0.000
0.000
0.000
0.000
0.240
281.664
0.000
0.000
0.000
0.000
0.245
287.034
0.000
0.000
0.000
0.000
0.250
292.394
0.000
0.000
0.000
0.000
0.255
297.754
0.000
0.000
0.000
0.000
0.259
303.114
0.000
0.000
0.000
0.000
0.261
308.477
0.000
0.000
0.000
0.000
0.259
313.855
0.000
0.000
0.000
0.000
0.256
319.264
0.000
0.000
0.000
0.000
0.252
324.710
0.000
0.000
0.000
0.000
0.248
330.200
0.000
0.000
0.000
0.000
0.243
335.641
0.000
0.000
0.000
0.000
0.239
340.958
0.000
0.000
0.000
0.000
0.235
346.166
0.000
0.000
0.000
0.000
0.230
351.295
0.000
0.000
0.000
0.000
0.226
356.357
0.000
0.000
0.000
0.000
0.221
361.368
0.000
0.000
0.000
0.000
0.217
366.846
0.000
0.000
0.000
0.000
0.212
372.324
0.000
0.000
0.000
0.000
0.208
377.349
0.000
0.000
0.000
0.000
0.203
382.470
0.000
0.000
0.000
0.000
0.199
387.562
0.000
0.000
0.000
0.000
0.195
393.021
0.000
0.000
0.000
0.000
0.190
398.356
0.000
0.000
0.000
0.000
0.186
403.588
0.000
0.000
0.000
0.000
0.181
408.738
0.000
0.000
0.000
0.000
0.177
413.819
0.000
0.000
0.000
0.000
0.172
418.839
0.000
0.000
0.000
0.000
0.168
424.254
0.000
0.000
0.000
0.000
0.164
429.609
0.000
0.000
0.000
0.000
0.159
434.909
0.000
0.000
0.000
0.000
0.155
440.155
0.000
0.000
0.000
0.000
0.151
445.350
0.000
0.000
0.000
0.000
0.147
450.496
0.000
0.000
0.000
0.000
0.144
455.594
0.000
0.000
0.000
0.000
0.140
460.646
0.000
0.000
0.000
0.000
0.136
465.655
0.000
0.000
0.000
0.000
0.133
471.033
0.000
0.000
0.000
0.000
0.129
476.363
0.000
0.000
0.000
0.000
0.126
481.647
0.000
0.000
0.000
0.000
0.122
486.888
0.000
0.000
0.000
0.000
0.119
492.086
0.000
0.000
0.000
0.000
0.116
497.246
0.000
0.000
0.000
0.000
0.113
502.367
0.000
0.000
0.000
0.000
0.110
507.451
0.000
0.000
0.000
0.000
0.107
512.499
0.000
0.000
0.000
0.000
0.104
517.512
0.000
0.000
0.000
0.000
0.102
522.873
0.000
0.000
0.000
0.000
0.099
528.198
0.000
0.000
0.000
0.000
0.096
533.488
0.000
0.000
0.000
0.000
0.094
538.742
0.000
0.000
0.000
0.000
0.091
543.965
0.000
0.000
0.000
0.000
0.089
549.158
0.000
0.000
0.000
0.000
0.086
554.323
0.000
0.000
0.000
0.000
0.084
559.460
0.000
0.000
0.000
0.000
0.082
564.572
0.000
0.000
0.000
0.000
0.080
569.660
0.000
0.000
0.000
0.000
0.078
574.723
0.000
0.000
0.000
0.000
0.076
579.766
0.000
0.000
0.000
0.000
0.074
584.786
0.000
0.000
0.000
0.000
0.072
590.140
0.000
0.000
0.000
0.000
0.070
595.466
0.000
0.000
0.000
0.000
0.069
600.758
0.000
0.000
0.000
0.000
0.067
606.008
0.000
0.000
0.000
0.000
0.065
611.215
0.000
0.000
0.000
0.000
0.064
616.379
0.000
0.000
0.000
0.000
0.062
621.505
0.000
0.000
0.000
0.000
0.060
626.597
0.000
0.000
0.000
0.000
0.059
631.660
0.000
0.000
0.000
0.000
0.058
636.697
0.000
0.000
0.000
0.000
0.056
641.709
0.000
0.000
0.000
0.000
0.055
647.029
0.000
0.000
0.000
0.000
0.054
652.325
0.000
0.000
0.000
0.000
0.052
657.600
0.000
0.000
0.000
0.000
0.051
662.857
0.000
0.000
0.000
0.000
0.050
668.098
0.000
0.000
0.000
0.000
0.049
673.325
0.000
0.000
0.000
0.000
0.047
678.540
0.000
0.000
0.000
0.000
0.046
683.740
0.000
0.000
0.000
0.000
0.045
688.929
0.000
0.000
0.000
0.000
0.044
694.109
0.000
0.000
0.000
0.000
0.043
699.277
0.000
0.000
0.000
0.000
0.042
704.435
0.000
0.000
0.000
0.000
0.041
709.587
0.000
0.000
0.000
0.000
0.040
714.724
0.000
0.000
0.000
0.000
0.039
719.857
0.000
0.000
0.000
0.000
0.039
724.977
0.000
0.000
0.000
0.000
0.038
730.093
0.000
0.000
0.000
0.000
0.037
735.197
0.000
0.000
0.000
0.000
0.036
740.297
0.000
0.000
0.000
0.000
0.035
745.385
0.000
0.000
0.000
0.000
0.035
750.470
0.000
0.000
0.000
0.000
0.034
755.542
0.000
0.000
0.000
0.000
0.033
760.614
0.000
0.000
0.000
0.000
0.033
765.670
0.000
0.000
0.000
0.000
0.032
770.726
0.000
0.000
0.000
0.000
0.031
775.770
0.000
0.000
0.000
0.000
0.031
780.810
0.000
0.000
0.000
0.000
0.030
785.844
0.000
0.000
0.000
0.000
0.030
790.868
0.000
0.000
0.000
0.000
0.029
795.892
0.000
0.000
0.000
0.000
0.028
800.902
0.000
0.000
0.000
0.000
0.028
805.910
0.000
0.000
0.000
0.000
0.027
810.915
0.000
0.000
0.000
0.000
0.027
816.219
0.000
0.000
0.000
0.000
0.026
821.523
0.000
0.000
0.000
0.000
0.026
826.820
0.000
0.000
0.000
0.000
0.025
832.107
0.000
0.000
0.000
0.000
0.025
837.394
0.000
0.000
0.000
0.000
0.024
842.674
0.000
0.000
0.000
0.000
0.024
847.944
0.000
0.000
0.000
0.000
0.023
853.214
0.000
0.000
0.000
0.000
0.023
858.481
0.000
0.000
0.000
0.000
0.023
863.734
0.000
0.000
0.000
0.000
0.022
868.987
0.000
0.000
0.000
0.000
0.022
874.240
0.000
0.000
0.000
0.000
0.021
879.481
0.000
0.000
0.000
0.000
0.021
884.717
0.000
0.000
0.000
0.000
0.021
889.953
0.000
0.000
0.000
0.000
0.020
895.189
0.000
0.000
0.000
0.000
0.020
900.410
0.000
0.000
0.000
0.000
0.020
905.629
0.000
0.000
0.000
0.000
0.019
910.848
0.000
0.000
0.000
0.000
0.019
916.067
0.000
0.000
0.000
0.000
0.019
921.276
0.000
0.000
0.000
0.000
0.018
926.478
0.000
0.000
0.000
0.000
0.018
931.680
0.000
0.000
0.000
0.000
0.018
936.882
0.000
0.000
0.000
0.000
0.017
942.084
0.000
0.000
0.000
0.000
0.017
947.275
0.000
0.000
0.000
0.000
0.017
952.460
0.000
0.000
0.000
0.000
0.016
957.645
0.000
0.000
0.000
0.000
0.016
962.830
0.000
0.000
0.000
0.000
0.016
968.015
0.000
0.000
0.000
0.000
0.016
973.198
0.000
0.000
0.000
0.000
0.015
978.366
0.000
0.000
0.000
0.000
0.015
983.534
0.000
0.000
0.000
0.000
0.015
988.702
0.000
0.000
0.000
0.000
0.015
993.870
0.000
0.000
0.000
0.000
0.015
999.038
0.000
0.000
0.000
0.000
0.014
1004.193
0.000
0.000
0.000
0.000
0.014
1009.322
0.000
0.000
0.000
0.000
0.014
1014.431
0.000
0.000
0.000
0.000
0.014
1019.519
0.000
0.000
0.000
0.000
0.013
1024.584
0.000
0.000
0.000
0.000
0.013
1029.628
0.000
0.000
0.000
0.000
0.013
1034.653
0.000
0.000
0.000
0.000
0.013
1039.659
0.000
0.000
0.000
0.000
0.013
1044.939
0.000
0.000
0.000
0.000
0.012
1050.199
0.000
0.000
0.000
0.000
0.012
1055.439
0.000
0.000
0.000
0.000
0.012
1060.658
0.000
0.000
0.000
0.000
0.012
1065.859
0.000
0.000
0.000
0.000
0.012
1071.042
0.000
0.000
0.000
0.000
0.012
1076.207
0.000
0.000
0.000
0.000
0.011
1081.355
0.000
0.000
0.000
0.000
0.011
1086.485
0.000
0.000
0.000
0.000
0.011
1091.599
0.000
0.000
0.000
0.000
0.011
1096.697
0.000
0.000
0.000
0.000
0.011
1101.780
0.000
0.000
0.000
0.000
0.011
1106.849
0.000
0.000
0.000
0.000
0.011
1111.905
0.000
0.000
0.000
0.000
0.010
1116.945
0.000
0.000
0.000
0.000
0.010
1121.970
0.000
0.000
0.000
0.000
0.010
1126.984
0.000
0.000
0.000
0.000
0.010
1131.987
0.000
0.000
0.000
0.000
0.010
1137.250
0.000
0.000
0.000
0.000
0.010
1142.500
0.000
0.000
0.000
0.000
0.010
1147.739
0.000
0.000
0.000
0.000
0.009
1152.964
0.000
0.000
0.000
0.000
0.009
1158.175
0.000
0.000
0.000
0.000
0.009
1163.377
0.000
0.000
0.000
0.000
0.009
1168.564
0.000
0.000
0.000
0.000
0.009
1173.739
0.000
0.000
0.000
0.000
0.009
1178.907
0.000
0.000
0.000
0.000
0.009
1184.057
0.000
0.000
0.000
0.000
0.009
1189.202
0.000
0.000
0.000
0.000
0.008
1194.332
0.000
0.000
0.000
0.000
0.008
1199.455
0.000
0.000
0.000
0.000
0.008
1204.566
0.000
0.000
0.000
0.000
0.008
1209.668
0.000
0.000
0.000
0.000
0.008
1214.760
0.000
0.000
0.000
0.000
0.008
1219.843
0.000
0.000
0.000
0.000
0.008
1224.916
0.000
0.000
0.000
0.000
0.008
1229.983
0.000
0.000
0.000
0.000
0.008
1235.037
0.000
0.000
0.000
0.000
0.008
1240.089
0.000
0.000
0.000
0.000
0.007
1245.124
0.000
0.000
0.000
0.000
0.007
1250.159
0.000
0.000
0.000
0.000
0.007
1255.180
0.000
0.000
0.000
0.000
0.007
1260.196
0.000
0.000
0.000
0.000
0.007
1265.208
0.000
0.000
0.000
0.000
0.007
1270.468
0.000
0.000
0.000
0.000
0.007
1275.728
0.000
0.000
0.000
0.000
0.007
1280.975
0.000
0.000
0.000
0.000
0.007
1286.215
0.000
0.000
0.000
0.000
0.007
1291.455
0.000
0.000
0.000
0.000
0.007
1296.676
0.000
0.000
0.000
0.000
0.007
1301.896
0.000
0.000
0.000
0.000
0.006
1307.115
0.000
0.000
0.000
0.000
0.006
1312.315
0.000
0.000
0.000
0.000
0.006
1317.515
0.000
0.000
0.000
0.000
0.006
1322.715
0.000
0.000
0.000
0.000
0.006
1327.896
0.000
0.000
0.000
0.000
0.006
1333.076
0.000
0.000
0.000
0.000
0.006
1338.256
0.000
0.000
0.000
0.000
0.006
1343.425
0.000
0.000
0.000
0.000
0.006
1348.585
0.000
0.000
0.000
0.000
0.006
1353.745
0.000
0.000
0.000
0.000
0.006
1358.905
0.000
0.000
0.000
0.000
0.006
1364.047
0.000
0.000
0.000
0.000
0.006
1369.187
0.000
0.000
0.000
0.000
0.006
1374.327
0.000
0.000
0.000
0.000
0.006
1379.467
0.000
0.000
0.000
0.000
0.005
1384.590
0.000
0.000
0.000
0.000
0.005
1389.710
0.000
0.000
0.000
0.000
0.005
1394.830
0.000
0.000
0.000
0.000
0.005
1399.950
0.000
0.000
0.000
0.000
0.005
1405.062
0.000
0.000
0.000
0.000
0.005
1410.162
0.000
0.000
0.000
0.000
0.005
1415.262
0.000
0.000
0.000
0.000
0.005
1420.362
0.000
0.000
0.000
0.000
0.005
1425.462
0.000
0.000
0.000
0.000
0.005
1430.552
0.000
0.000
0.000
0.000
0.005
1435.632
0.000
0.000
0.000
0.000
0.005
