0.000 0.000 0.000 0.001
10.000 0.000 0.000 0.002
20.000 0.000 0.000 0.004
30.000 0.000 0.000 0.005
40.000 0.000 0.000 0.006
48.890 0.000 0.000 0.007
56.086 0.000 0.000 0.008
62.119 0.000 0.000 0.008
71.904 0.000 0.000 0.009
79.675 0.000 0.000 0.010
86.106 0.000 0.000 0.012
91.613 0.000 0.000 0.013
98.619 0.000 0.000 0.010
104.561 0.000 0.000 0.013
111.341 0.000 0.000 0.014
117.241 0.000 0.000 0.012
122.519 0.000 0.000 0.013
128.551 0.000 0.000 0.014
134.117 0.000 0.000 0.015
139.327 0.000 0.000 0.015
145.099 0.000 0.000 0.016
150.455 0.000 0.000 0.016
155.536 0.000 0.000 0.017
161.287 0.000 0.000 0.018
166.966 0.000 0.000 0.018
172.598 0.000 0.000 0.019
178.161 0.000 0.000 0.019
183.648 0.000 0.000 0.020
