0.000 839.990 839.990 839.990 839.990 839.990
10.000 839.990 839.990 839.990 839.990 839.990
20.000 839.990 839.990 839.990 839.990 839.990
30.000 839.990 839.990 839.990 839.990 839.990
40.000 839.990 839.990 839.990 839.990 839.990
49.882 839.990 839.990 839.990 839.990 839.990
58.086 839.990 839.990 839.990 839.990 839.990
65.122 839.990 839.990 839.990 839.990 839.990
71.305 839.990 839.990 839.990 839.990 839.990
76.827 839.990 839.990 839.990 839.990 839.990
86.407 839.990 839.990 839.990 839.990 839.990
94.572 839.990 839.990 839.990 839.990 839.990
101.703 839.990 839.990 839.990 839.990 839.990
108.061 839.990 839.990 839.990 839.990 839.990
113.821 839.990 839.990 839.990 839.990 839.990
121.487 839.990 839.990 839.990 839.990 839.990
128.362 839.990 839.990 839.990 839.990 839.990
134.626 839.990 839.990 839.990 839.990 839.990
140.403 839.990 839.990 839.990 839.990 839.990
145.781 839.990 839.990 839.990 839.990 839.990
152.481 839.990 839.990 839.990 839.990 839.990
158.709 839.990 839.990 839.990 839.990 839.990
164.551 839.990 839.990 839.990 839.990 839.990
170.069 839.990 839.990 839.990 839.990 839.990
175.324 839.990 839.990 839.990 839.990 839.990
180.369 839.990 839.990 839.990 839.990 839.990
186.440 839.990 839.990 839.990 839.990 839.990
192.298 839.990 839.990 839.990 839.990 839.990
197.984 839.990 839.990 839.990 839.990 839.990
203.501 839.990 839.990 839.990 839.990 839.990
208.879 839.990 839.990 839.990 839.990 839.990
214.134 839.990 839.990 839.990 839.990 839.990
219.271 839.990 839.990 839.990 839.990 839.990
224.318 839.990 839.990 839.990 839.990 839.990
230.290 839.990 839.990 839.990 839.990 839.990
236.193 839.990 839.990 839.990 839.990 839.990
242.026 839.990 839.990 839.990 839.990 839.990
247.806 839.990 839.990 839.990 839.990 839.990
253.542 839.990 839.990 839.990 839.990 839.990
259.249 839.990 839.990 839.990 839.990 839.990
264.897 839.990 839.990 839.990 839.990 839.990
270.415 839.990 839.990 839.990 839.990 839.990
275.808 839.990 839.990 839.990 839.990 839.990
281.080 839.990 839.990 839.990 839.990 839.990
286.235 839.990 839.990 839.990 839.990 839.990
291.274 839.990 839.990 839.990 839.990 839.990
