0.000 -9999.000 1677.916 1381.671
10.000 -9999.000 1677.916 1381.671
20.000 -9999.000 1677.916 1381.671
30.000 -9999.000 1677.916 1381.671
40.000 -9999.000 1677.916 1381.671
50.000 -9999.000 1677.916 1381.671
60.000 -9999.000 1677.916 1381.671
70.000 -9999.000 1677.916 1381.671
80.000 -9999.000 1677.916 1381.671
90.000 -9999.000 1677.916 1381.671
100.000 -9999.000 1677.916 1381.671
110.000 -9999.000 1677.916 1381.671
120.000 -9999.000 1677.916 1381.671
130.000 -9999.000 1677.916 1381.671
140.000 -9999.000 1677.916 1381.671
150.000 -9999.000 1677.916 1381.671
160.000 -9999.000 1677.916 1381.671
170.000 -9999.000 1677.916 1381.671
180.000 -9999.000 1677.916 1381.671
190.000 -9999.000 1677.916 1381.671
200.000 -9999.000 1677.916 1381.671
210.000 -9999.000 1677.916 1381.671
220.000 -9999.000 1677.916 1381.671
230.000 -9999.000 1677.916 1381.671
240.000 -9999.000 1677.916 1381.671
250.000 -9999.000 1677.916 1381.671
260.000 -9999.000 1677.916 1381.671
270.000 -9999.000 1677.916 1381.671
280.000 -9999.000 1677.916 1381.671
290.000 -9999.000 1677.916 1381.671
300.000 -9999.000 1677.916 1381.671
310.000 -9999.000 1677.916 1381.671
320.000 -9999.000 1677.916 1381.671
330.000 -9999.000 1677.916 1381.671
340.000 -9999.000 1677.916 1381.671
350.000 -9999.000 1677.916 1381.671
360.000 -9999.000 1677.916 1381.671
370.000 -9999.000 1677.916 1381.671
380.000 -9999.000 1677.916 1381.671
390.000 -9999.000 1677.916 1381.671
400.000 -9999.000 1677.916 1381.671
410.000 -9999.000 1677.916 1381.671
420.000 -9999.000 1677.916 1381.671
430.000 -9999.000 1677.916 1381.671
440.000 -9999.000 1677.916 1381.671
450.000 -9999.000 1677.916 1381.671
460.000 -9999.000 1677.916 1381.671
470.000 -9999.000 1677.916 1381.671
480.000 -9999.000 1677.916 1381.671
490.000 -9999.000 1677.916 1381.671
500.000 -9999.000 1677.916 1381.671
510.000 -9999.000 1677.916 1381.671
520.000 -9999.000 1677.916 1381.671
530.000 -9999.000 1677.916 1381.671
540.000 -9999.000 1677.916 1381.671
550.000 -9999.000 1677.916 1381.671
560.000 -9999.000 1677.916 1381.671
570.000 -9999.000 1677.916 1381.671
580.000 -9999.000 1677.916 1381.671
590.000 -9999.000 1677.916 1381.671
600.000 -9999.000 1677.916 1381.671
610.000 -9999.000 1677.916 1381.671
620.000 -9999.000 1677.916 1381.671
630.000 -9999.000 1677.916 1381.671
640.000 -9999.000 1677.916 1381.671
650.000 -9999.000 1677.916 1381.671
660.000 -9999.000 1677.916 1381.671
670.000 -9999.000 1677.916 1381.671
680.000 -9999.000 1677.916 1381.671
690.000 -9999.000 1677.916 1381.671
700.000 -9999.000 1677.916 1381.671
710.000 -9999.000 1677.916 1381.671
720.000 -9999.000 1677.916 1381.671
730.000 -9999.000 1677.916 1381.671
740.000 -9999.000 1677.916 1381.671
750.000 -9999.000 1677.916 1381.671
760.000 -9999.000 1677.916 1381.671
770.000 -9999.000 1677.916 1381.671
780.000 -9999.000 1677.916 1381.671
790.000 -9999.000 1677.916 1381.671
800.000 -9999.000 1677.916 1381.671
810.000 -9999.000 1677.916 1381.671
820.000 -9999.000 1677.916 1381.671
830.000 -9999.000 1677.916 1381.671
840.000 -9999.000 1677.916 1381.671
850.000 -9999.000 1677.916 1381.671
860.000 -9999.000 1677.916 1381.671
870.000 -9999.000 1677.916 1381.671
880.000 -9999.000 1677.916 1381.671
890.000 -9999.000 1677.916 1381.671
900.000 -9999.000 1677.916 1381.671
910.000 -9999.000 1677.916 1381.671
920.000 -9999.000 1677.916 1381.671
930.000 -9999.000 1677.916 1381.671
940.000 -9999.000 1677.916 1381.671
950.000 -9999.000 1677.916 1381.671
960.000 -9999.000 1677.916 1381.671
970.000 -9999.000 1677.916 1381.671
980.000 -9999.000 1677.916 1381.671
990.000 -9999.000 1677.916 1381.671
1000.000 -9999.000 1677.916 1381.671
1010.000 -9999.000 1677.916 1381.671
1020.000 -9999.000 1677.916 1381.671
1030.000 -9999.000 1677.916 1381.671
1040.000 -9999.000 1677.916 1381.671
1050.000 -9999.000 1677.916 1381.671
1060.000 -9999.000 1677.916 1381.671
1070.000 -9999.000 1677.916 1381.671
1080.000 -9999.000 1677.916 1381.671
1090.000 -9999.000 1677.916 1381.671
1100.000 -9999.000 1677.916 1381.671
1110.000 -9999.000 1677.916 1381.671
1120.000 -9999.000 1677.916 1381.671
1130.000 -9999.000 1677.916 1381.671
1140.000 -9999.000 1677.916 1381.671
1150.000 -9999.000 1677.916 1381.671
1160.000 -9999.000 1677.916 1381.671
1170.000 -9999.000 1677.916 1381.671
1180.000 -9999.000 1677.916 1381.671
1190.000 -9999.000 1677.916 1381.671
1200.000 -9999.000 1677.916 1381.671
1210.000 -9999.000 1677.916 1381.671
1220.000 -9999.000 1677.916 1381.671
1230.000 -9999.000 1677.916 1381.671
1240.000 -9999.000 1677.916 1381.671
1250.000 -9999.000 1677.916 1381.671
1260.000 -9999.000 1677.916 1381.671
1270.000 -9999.000 1677.916 1381.671
1280.000 -9999.000 1677.916 1381.671
1290.000 -9999.000 1677.916 1381.671
1300.000 -9999.000 1677.916 1381.671
1310.000 -9999.000 1677.916 1381.671
1320.000 -9999.000 1677.916 1381.671
1330.000 -9999.000 1677.916 1381.671
1340.000 -9999.000 1677.916 1381.671
1350.000 -9999.000 1677.916 1381.671
1360.000 -9999.000 1677.916 1381.671
