0.000 9.000
10.000 9.000
20.000 9.000
30.000 9.000
40.000 9.000
50.000 9.000
60.000 9.000
70.000 9.000
80.000 9.000
90.000 9.000
100.000 9.000
110.000 9.000
120.000 9.000
130.000 9.000
140.000 9.000
150.000 9.000
160.000 9.000
170.000 9.000
180.000 9.000
190.000 9.000
200.000 9.000
210.000 9.000
220.000 9.000
230.000 9.000
240.000 9.000
250.000 9.000
260.000 9.000
270.000 9.000
280.000 9.000
290.000 9.000
300.000 9.000
310.000 9.000
320.000 9.000
330.000 9.000
340.000 9.000
350.000 9.000
360.000 9.000
370.000 9.000
380.000 9.000
390.000 9.000
400.000 9.000
410.000 9.000
420.000 9.000
430.000 9.000
440.000 9.000
450.000 9.000
460.000 9.000
470.000 9.000
480.000 9.000
490.000 9.000
500.000 9.000
510.000 9.000
520.000 9.000
530.000 9.000
540.000 9.000
550.000 9.000
560.000 9.000
570.000 9.000
580.000 9.000
590.000 9.000
600.000 9.000
610.000 9.000
620.000 9.000
630.000 9.000
640.000 9.000
650.000 9.000
660.000 9.000
670.000 9.000
680.000 9.000
690.000 9.000
700.000 9.000
710.000 9.000
720.000 9.000
730.000 9.000
740.000 9.000
750.000 9.000
760.000 9.000
770.000 9.000
780.000 9.000
790.000 9.000
800.000 9.000
810.000 9.000
820.000 9.000
830.000 9.000
840.000 9.000
850.000 9.000
860.000 9.000
870.000 9.000
880.000 9.000
890.000 9.000
900.000 9.000
910.000 9.000
920.000 9.000
930.000 9.000
940.000 9.000
950.000 9.000
960.000 9.000
970.000 9.000
980.000 9.000
990.000 9.000
1000.000 9.000
1010.000 9.000
1020.000 9.000
1030.000 9.000
1040.000 9.000
1050.000 9.000
1060.000 9.000
1070.000 9.000
1080.000 9.000
1090.000 9.000
1100.000 9.000
1110.000 9.000
1120.000 9.000
1130.000 9.000
1140.000 9.000
1150.000 9.000
1160.000 9.000
1170.000 9.000
1180.000 9.000
1190.000 9.000
1200.000 9.000
1210.000 9.000
1220.000 9.000
1230.000 9.000
1240.000 9.000
1250.000 9.000
1260.000 9.000
1270.000 9.000
1280.000 9.000
1290.000 9.000
1300.000 9.000
1310.000 9.000
1320.000 9.000
1330.000 9.000
1340.000 9.000
1350.000 9.000
1360.000 9.000
