0.00000
0.00000
10.00000
0.00000
20.00000
0.00000
30.00000
0.00000
40.00000
0.00000
50.00000
0.00000
60.00000
0.00000
70.00000
0.00000
80.00000
0.00000
90.00000
0.00000
100.00000
0.00000
110.00000
0.00000
120.00000
0.00000
130.00000
0.00000
140.00000
0.00000
150.00000
0.00000
160.00000
0.00000
170.00000
0.00000
180.00000
0.00000
190.00000
0.00000
200.00000
0.00000
210.52400
0.00000
221.35600
0.00000
231.76800
0.00000
242.41700
0.00000
252.63400
0.00000
263.18200
0.00000
273.29600
0.00000
283.74700
0.00000
293.89700
0.00000
304.46400
0.00000
314.76800
0.00000
325.33600
0.00000
335.57100
0.00000
346.12500
0.00000
356.40200
0.00000
366.88400
0.00000
376.95100
0.00000
387.11000
0.00000
397.36000
0.00000
407.70700
0.00000
418.15800
0.00000
428.28400
0.00000
438.54500
0.00000
448.93700
0.00000
459.05600
0.00000
469.31200
0.00000
479.69600
0.00000
489.83400
0.00000
500.11500
0.00000
510.17800
0.00000
520.39600
0.00000
530.42500
0.00000
540.61700
0.00000
550.64400
0.00000
560.84300
0.00000
570.89300
0.00000
581.12700
0.00000
591.22700
0.00000
601.51600
0.00000
611.68600
0.00000
621.74300
0.00000
631.99900
0.00000
642.15400
0.00000
652.21500
0.00000
662.48000
0.00000
672.66000
0.00000
682.75900
0.00000
692.78100
0.00000
703.01700
0.00000
713.18400
0.00000
723.28300
0.00000
733.32100
0.00000
743.58000
0.00000
753.77700
0.00000
763.92400
0.00000
774.01400
0.00000
784.05800
0.00000
794.32700
0.00000
804.54700
0.00000
814.72200
0.00000
824.85600
0.00000
834.95100
0.00000
845.00800
0.00000
855.02900
0.00000
865.27900
0.00000
875.49500
0.00000
885.67400
0.00000
895.82000
0.00000
905.93800
0.00000
916.03000
0.00000
926.09200
0.00000
936.12300
0.00000
946.13500
0.00000
956.37500
0.00000
966.58700
0.00000
976.78600
0.00000
986.94600
0.00000
997.09700
0.00000
1007.21700
0.00000
1017.32500
0.00000
1027.40500
0.00000
1037.47500
0.00000
1047.51500
0.00000
1057.55400
0.00000
1067.55400
0.00000
1077.55400
0.00000
1087.77800
0.00000
1097.98700
0.00000
1108.19200
0.00000
1118.36000
0.00000
1128.52800
0.00000
1138.68200
0.00000
1148.80900
0.00000
1158.93600
0.00000
1169.05000
0.00000
1179.13600
0.00000
1189.22200
0.00000
1199.30800
0.00000
1209.35400
0.00000
1219.39900
0.00000
1229.44400
0.00000
1239.47600
0.00000
1249.48000
0.00000
1259.48400
0.00000
1269.48800
0.00000
1279.72500
0.00000
1289.93100
0.00000
1300.13700
0.00000
1310.34300
0.00000
1320.54900
0.00000
1330.71800
0.00000
1340.88200
0.00000
1351.04600
0.00000
1361.21000
0.00000
1371.34100
0.00000
1381.46300
0.00000
1391.58500
0.00000
1401.67800
0.00000
1411.75800
0.00000
1421.83800
0.00000
1431.87600
0.00000
1441.91400
0.00000
1451.93400
0.00000
1462.16800
0.00000
1472.40200
0.00000
1482.59800
0.00000
1492.78900
0.00000
1502.96900
0.00000
1513.11700
0.00000
1523.26500
0.00000
1533.39200
0.00000
1543.49700
0.00000
1553.60200
0.00000
1563.68200
0.00000
1573.74400
0.00000
1583.80600
0.00000
1593.84800
0.00000
1603.86700
0.00000
1613.88600
0.00000
1623.89900
0.00000
1634.10700
0.00000
1644.31500
0.00000
1654.52300
0.00000
1664.70200
0.00000
1674.86600
0.00000
1685.03000
0.00000
1695.19400
0.00000
1705.31700
0.00000
1715.43700
0.00000
1725.55700
0.00000
1735.67700
0.00000
1745.75700
0.00000
1755.83300
0.00000
1765.90900
0.00000
1775.98500
0.00000
1786.03700
0.00000
1796.06900
0.00000
1806.10100
0.00000
1816.13300
0.00000
1826.16500
0.00000
1836.38800
0.00000
1846.60300
0.00000
1856.81800
0.00000
1867.03300
0.00000
1877.24800
0.00000
1887.42800
0.00000
1897.59800
0.00000
1907.76800
0.00000
1917.93800
0.00000
1928.10800
0.00000
1938.26500
0.00000
1948.39000
0.00000
1958.51500
0.00000
1968.64000
0.00000
1978.76500
0.00000
1988.89000
0.00000
1999.00500
0.00000
2009.08500
0.00000
2019.16500
0.00000
2029.24500
0.00000
2039.32500
0.00000
2049.40500
0.00000
2059.48500
0.00000
2069.54100
0.00000
2079.57600
0.00000
2089.61100
0.00000
2099.64600
0.00000
2109.68100
0.00000
