0.000
0.000
10.000
0.000
20.000
0.000
30.000
0.000
48.301
0.000
60.681
0.000
73.724
0.000
85.965
0.000
97.050
0.000
108.595
0.000
118.983
0.000
129.971
0.000
140.333
0.000
151.183
0.000
161.578
0.000
171.813
0.000
182.540
0.000
192.870
0.000
202.911
0.000
213.480
0.000
223.906
0.000
234.260
0.000
244.552
0.000
254.991
0.000
265.165
0.000
275.283
0.000
285.385
0.000
295.495
0.000
305.595
0.000
316.174
0.000
326.537
0.000
336.635
0.000
347.015
0.000
357.110
0.000
367.495
0.000
377.669
0.000
387.696
0.000
398.134
0.000
408.485
0.000
418.774
0.000
429.022
0.000
439.235
0.000
449.391
0.000
459.408
0.000
469.787
0.000
480.043
0.000
490.190
0.000
500.231
0.000
510.641
0.000
520.990
0.000
531.306
0.000
541.503
0.000
551.605
0.000
561.642
0.000
572.092
0.000
582.515
0.000
592.931
0.000
603.277
0.000
613.530
0.000
623.702
0.000
633.795
0.000
643.819
0.000
654.211
0.000
664.539
0.000
674.809
0.000
685.024
0.000
695.185
0.000
705.295
0.000
715.357
0.000
725.372
0.000
735.755
0.000
746.092
0.000
756.382
0.000
766.629
0.000
776.836
0.000
787.000
0.000
797.129
0.000
807.219
0.000
817.278
0.000
827.302
0.000
837.693
0.000
848.053
0.000
858.383
0.000
868.684
0.000
878.958
0.000
889.207
0.000
899.433
0.000
909.640
0.000
919.832
0.000
929.995
0.000
940.067
0.000
950.395
0.000
960.601
0.000
970.691
0.000
981.045
0.000
991.290
0.000
1001.434
0.000
1011.480
0.000
1021.788
0.000
1032.004
0.000
1042.129
0.000
1052.168
0.000
1062.469
0.000
1072.686
0.000
1082.823
0.000
1092.884
0.000
1103.205
0.000
1113.451
0.000
1123.625
0.000
1133.732
0.000
1143.773
0.000
1154.073
0.000
1164.310
0.000
1174.489
0.000
1184.612
0.000
1194.679
0.000
1204.699
0.000
1214.980
0.000
1225.214
0.000
1235.399
0.000
1245.542
0.000
1255.644
0.000
1265.703
0.000
1275.725
0.000
1286.013
0.000
1296.264
0.000
1306.480
0.000
1316.661
0.000
1326.810
0.000
1336.929
0.000
1347.020
0.000
1357.084
0.000
1367.115
0.000
1377.122
0.000
1387.400
0.000
1397.655
0.000
1407.878
0.000
1418.084
0.000
1428.269
0.000
1438.427
0.000
1448.577
0.000
1458.692
0.000
1468.805
0.000
1478.885
0.000
1488.965
0.000
1499.014
0.000
1509.059
0.000
1519.091
0.000
1529.101
0.000
1539.111
0.000
1549.385
0.000
1559.645
0.000
1569.905
0.000
1580.148
0.000
1590.372
0.000
1600.596
0.000
1610.820
0.000
1621.015
0.000
1631.203
0.000
1641.391
0.000
1651.579
0.000
1661.753
0.000
1671.905
0.000
1682.057
0.000
1692.209
0.000
1702.361
0.000
1712.513
0.000
1722.633
0.000
1732.749
0.000
1742.865
0.000
1752.981
0.000
1763.097
0.000
1773.213
0.000
1783.329
0.000
1793.439
0.000
1803.519
0.000
1813.599
0.000
1823.679
0.000
1833.759
0.000
1843.839
0.000
1853.919
0.000
1863.999
0.000
1874.079
0.000
1884.159
0.000
1894.239
0.000
1904.319
0.000
1914.399
0.000
1924.479
0.000
1934.525
0.000
1944.569
0.000
1954.613
0.000
1964.657
0.000
1974.701
0.000
1984.745
0.000
1994.789
0.000
2004.833
0.000
2014.877
0.000
2024.921
0.000
2034.965
0.000
2045.009
0.000
2055.053
0.000
2065.097
0.000
2075.141
0.000
2085.185
0.000
2095.229
0.000
2105.273
0.000
2115.317
0.000
2125.361
0.000
2135.405
0.000
2145.449
0.000
2155.493
0.000
2165.537
0.000
2175.581
0.000
2185.625
0.000
2195.669
0.000
2205.713
0.000
2215.757
0.000
2225.801
0.000
2235.845
0.000
2245.889
0.000
2255.933
0.000
2265.977
0.000
2276.021
0.000
2286.065
0.000
2296.109
0.000
2306.153
0.000
2316.197
0.000
2326.251
0.000
2336.331
0.000
2346.411
0.000
2356.491
0.000
2366.571
0.000
2376.651
0.000
2386.731
0.000
2396.811
0.000
2406.891
0.000
2416.971
0.000
2427.051
0.000
2437.131
0.000
2447.211
0.000
2457.291
0.000
2467.371
0.000
2477.451
0.000
2487.531
0.000
2497.611
0.000
2507.691
0.000
2517.771
0.000
2527.851
0.000
2537.931
0.000
2548.011
0.000
2558.091
0.000
2568.171
0.000
2578.251
0.000
2588.331
0.000
2598.411
0.000
2608.491
0.000
2618.571
0.000
2628.651
0.000
2638.731
0.000
2648.811
0.000
2658.891
0.000
2669.004
0.000
2679.120
0.000
2689.236
0.000
2699.352
0.000
2709.468
0.000
2719.584
0.000
2729.700
0.000
2739.816
0.000
2749.932
0.000
2760.048
0.000
2770.164
0.000
2780.280
0.000
2790.396
0.000
2800.512
0.000
2810.628
0.000
2820.744
0.000
2830.860
0.000
2840.976
0.000
2851.092
0.000
2861.208
0.000
2871.324
0.000
2881.440
0.000
2891.556
0.000
2901.672
0.000
2911.788
0.000
2921.904
0.000
2932.020
0.000
2942.136
0.000
2952.252
0.000
2962.368
0.000
2972.484
0.000
2982.600
0.000
2992.716
0.000
3002.832
0.000
3012.948
0.000
3023.064
0.000
3033.191
0.000
3043.343
0.000
3053.495
0.000
3063.647
0.000
3073.799
0.000
3083.951
0.000
3094.103
0.000
3104.255
0.000
3114.407
0.000
3124.559
0.000
3134.711
0.000
3144.863
0.000
3155.015
0.000
3165.167
0.000
3175.319
0.000
3185.471
0.000
3195.623
0.000
3205.775
0.000
3215.927
0.000
3226.079
0.000
3236.231
0.000
3246.383
0.000
3256.535
0.000
3266.687
0.000
3276.839
0.000
3286.991
0.000
3297.143
0.000
3307.295
0.000
3317.447
0.000
3327.599
0.000
3337.751
0.000
3347.903
0.000
3358.055
0.000
3368.207
0.000
3378.359
0.000
3388.511
0.000
3398.663
0.000
3408.815
0.000
3418.967
0.000
3429.119
0.000
3439.271
0.000
3449.423
0.000
3459.575
0.000
3469.727
0.000
3479.879
0.000
3490.031
0.000
3500.183
0.000
3510.335
0.000
3520.487
0.000
3530.639
0.000
3540.801
0.000
3550.989
0.000
3561.177
0.000
3571.365
0.000
3581.553
0.000
3591.741
0.000
3601.929
0.000
3612.117
0.000
3622.305
0.000
3632.493
0.000
3642.681
0.000
3652.869
0.000
3663.057
0.000
3673.245
0.000
3683.433
0.000
3693.621
0.000
3703.809
0.000
3713.997
0.000
3724.185
0.000
3734.373
0.000
3744.561
0.000
3754.749
0.000
3764.937
0.000
