0.000
-9999.000
10.000
-9999.000
20.000
-9999.000
30.000
-9999.000
40.000
-9999.000
50.000
-9999.000
60.000
-9999.000
70.000
-9999.000
80.000
-9999.000
90.000
-9999.000
100.000
-9999.000
110.000
-9999.000
120.000
-9999.000
130.000
-9999.000
140.000
-9999.000
150.000
-9999.000
160.000
-9999.000
170.000
-9999.000
180.000
-9999.000
190.000
-9999.000
200.000
-9999.000
210.524
-9999.000
221.356
-9999.000
231.768
-9999.000
242.417
-9999.000
252.634
-9999.000
263.182
-9999.000
273.296
-9999.000
283.747
-9999.000
293.897
-9999.000
304.464
-9999.000
314.768
-9999.000
325.336
-9999.000
335.571
-9999.000
346.125
-9999.000
356.402
-9999.000
366.884
-9999.000
376.951
-9999.000
387.110
-9999.000
397.360
-9999.000
407.707
-9999.000
418.158
-9999.000
428.284
-9999.000
438.545
-9999.000
448.937
-9999.000
459.056
-9999.000
469.312
-9999.000
479.696
-9999.000
489.834
-9999.000
500.115
-9999.000
510.178
-9999.000
520.396
-9999.000
530.425
-9999.000
540.617
-9999.000
550.644
-9999.000
560.843
-9999.000
570.893
-9999.000
581.127
-9999.000
591.227
-9999.000
601.516
-9999.000
611.686
-9999.000
621.743
-9999.000
631.999
-9999.000
642.154
-9999.000
652.215
-9999.000
662.480
-9999.000
672.660
-9999.000
682.759
-9999.000
692.781
-9999.000
703.017
-9999.000
713.184
-9999.000
723.283
-9999.000
733.321
-9999.000
743.580
-9999.000
753.777
-9999.000
763.924
-9999.000
774.014
-9999.000
784.058
-9999.000
794.327
-9999.000
804.547
-9999.000
814.722
-9999.000
824.856
-9999.000
834.951
-9999.000
845.008
-9999.000
855.029
-9999.000
865.279
-9999.000
875.495
-9999.000
885.674
-9999.000
895.820
-9999.000
905.938
-9999.000
916.030
-9999.000
926.092
-9999.000
936.123
-9999.000
946.135
-9999.000
956.375
-9999.000
966.587
-9999.000
976.786
-9999.000
986.946
-9999.000
