0.000
197.038
10.000
197.038
20.000
197.038
30.000
197.038
40.000
197.038
50.000
197.038
60.000
197.038
70.000
197.038
80.000
197.038
90.000
197.038
100.000
197.038
110.000
197.038
120.000
197.038
130.000
197.038
140.000
197.038
150.000
197.038
160.000
197.038
170.000
197.038
180.000
197.038
190.000
197.038
200.000
197.038
210.524
197.038
221.356
197.038
231.768
197.038
242.417
197.038
252.634
197.038
263.182
197.038
273.296
197.038
283.747
197.038
293.897
197.038
304.464
197.038
314.768
197.038
325.336
197.038
335.571
197.038
346.125
197.038
356.402
197.038
366.884
197.038
376.951
197.038
387.110
197.038
397.360
197.038
407.707
197.038
418.158
197.038
428.284
197.038
438.545
197.038
448.937
197.038
459.056
197.038
469.312
197.038
479.696
197.038
489.834
197.038
500.115
197.038
510.178
197.038
520.396
197.038
530.425
197.038
540.617
197.038
550.644
197.038
560.843
197.038
570.893
197.038
581.127
197.038
591.227
197.038
601.516
197.038
611.686
197.038
621.743
197.038
631.999
197.038
642.154
197.038
652.215
197.038
662.480
197.038
672.660
197.038
682.759
197.038
692.781
197.038
703.017
197.038
713.184
197.038
723.283
197.038
733.321
197.038
743.580
197.038
753.777
197.038
763.924
197.038
774.014
197.038
784.058
197.038
794.327
197.038
804.547
197.038
814.722
197.038
824.856
197.038
834.951
197.038
845.008
197.038
855.029
197.038
865.279
197.038
875.495
197.038
885.674
197.038
895.820
197.038
905.938
197.038
916.030
197.038
926.092
197.038
936.123
197.038
946.135
197.038
956.375
197.038
966.587
197.038
976.786
197.038
986.946
197.038
