0.000
0.000
10.000
0.000
20.000
0.000
30.000
0.000
40.000
0.000
50.000
0.000
60.000
0.000
70.000
0.000
80.000
0.000
90.000
0.000
100.000
0.000
110.000
0.000
120.000
0.000
130.000
0.000
140.000
0.000
150.000
0.000
160.000
0.000
170.000
0.000
180.967
0.000
191.925
0.000
202.113
0.000
212.939
0.000
223.742
0.000
234.555
0.000
244.557
0.000
254.565
0.000
265.385
0.000
276.168
0.000
286.919
0.000
297.650
0.000
308.365
0.000
319.065
0.000
329.746
0.000
340.411
0.000
351.053
0.000
361.687
0.000
372.328
0.000
382.979
0.000
393.295
0.000
403.788
0.000
413.936
0.000
424.645
0.000
435.286
0.000
445.891
0.000
456.471
0.000
467.032
0.000
477.585
0.000
488.132
0.000
498.692
0.000
509.254
0.000
519.829
0.000
530.400
0.000
540.944
0.000
551.427
0.000
561.826
0.000
572.147
0.000
582.411
0.000
592.634
0.000
602.829
0.000
613.012
0.000
623.182
0.000
633.352
0.000
643.537
0.000
653.810
0.000
663.848
0.000
673.901
0.000
684.070
0.000
694.313
0.000
704.604
0.000
714.926
0.000
725.270
0.000
735.638
0.000
746.027
0.000
