0.000
0.000
10.000
0.000
20.000
0.000
30.000
0.000
40.000
0.000
50.000
0.000
60.000
0.000
70.000
0.000
80.000
0.000
90.000
0.000
100.000
0.000
110.000
0.000
120.000
0.000
130.000
0.000
140.000
0.000
150.000
0.000
160.000
0.000
170.000
0.000
180.000
0.000
190.000
0.000
200.000
0.000
210.524
0.000
221.356
0.000
231.768
0.000
242.417
0.000
252.634
0.000
263.182
0.000
273.296
0.000
283.747
0.000
293.897
0.000
304.464
0.000
314.768
0.000
325.336
0.000
335.571
0.000
346.125
0.000
356.402
0.000
366.884
0.000
376.951
0.000
387.110
0.000
397.360
0.000
407.707
0.000
418.158
0.000
428.284
0.000
438.545
0.000
448.937
0.000
459.056
0.000
469.312
0.000
479.696
0.000
489.834
0.000
500.115
0.000
510.178
0.000
520.396
0.000
530.425
0.000
540.617
0.000
550.644
0.000
560.843
0.000
570.893
0.000
581.127
0.000
591.227
0.000
601.516
0.000
611.686
0.000
621.743
0.000
631.999
0.000
642.154
0.000
652.215
0.000
662.480
0.000
672.660
0.000
682.759
0.000
692.781
0.000
703.017
0.000
713.184
0.000
723.283
0.000
733.321
0.000
743.580
0.000
753.777
0.000
763.924
0.000
774.014
0.000
784.058
0.000
794.327
0.000
804.547
0.000
814.722
0.000
824.856
0.000
834.951
0.000
845.008
0.000
855.029
0.000
865.279
0.000
875.495
0.000
885.674
0.000
895.820
0.000
905.938
0.000
916.030
0.000
926.092
0.000
936.123
0.000
946.135
0.000
956.375
0.000
966.587
0.000
976.786
0.000
986.946
0.000
