0.000 0.000 0.000 0.000 0.000 0.000 0.000 0.000 0.000 0.000 0.000 0.000 0.000 0.000 0.000 0.000 0.000 0.000 0.000 0.000 0.000 0.000 0.000 0.000 0.000 0.000 0.000 0.000 0.000 0.000 0.000 0.000 0.000 0.000 0.000 0.000 0.000 0.000 0.000 0.000 0.000 0.000 0.000 0.000 0.000 0.000 0.000 0.000 0.000 0.000 0.000 0.000 0.000 0.000 0.000 0.000 0.000 0.000 0.000 0.000 0.000 0.000 0.000 0.000 0.000 0.000 0.000 0.000 0.000 0.000 0.000 0.000 0.000 0.000 0.000 0.000 0.000 0.000 0.000 0.000 0.000 0.000 0.000 0.000 0.002 0.000 0.000 0.000 0.000 0.000 0.000 0.000 0.000
86400.000 0.000 0.000 0.000 0.000 0.000 0.000 0.000 0.000 73.864 0.000 0.000 0.000 0.000 73.853 0.000 0.000 0.000 0.000 73.832 0.000 0.000 0.000 0.000 73.800 0.000 0.000 0.000 0.000 73.753 0.000 0.000 0.000 0.000 73.680 0.000 0.000 0.000 0.000 73.554 0.000 0.000 0.000 0.000 73.331 0.000 0.000 0.000 0.000 72.942 0.000 0.000 0.000 0.000 72.290 0.000 0.000 0.000 0.000 71.251 0.000 0.000 0.000 0.000 69.688 0.000 0.000 0.000 0.000 67.464 0.000 0.000 0.000 0.000 64.472 0.000 0.000 0.000 0.000 60.661 0.000 0.000 0.000 0.000 62.469 0.000 0.000 0.000 0.000 0.000 0.000 0.000 0.000
172800.000 0.000 0.000 0.000 0.000 0.000 0.000 0.000 0.000 73.750 0.000 0.000 0.000 0.000 73.717 0.000 0.000 0.000 0.000 73.646 0.000 0.000 0.000 0.000 73.524 0.000 0.000 0.000 0.000 73.334 0.000 0.000 0.000 0.000 73.048 0.000 0.000 0.000 0.000 72.631 0.000 0.000 0.000 0.000 72.043 0.000 0.000 0.000 0.000 71.237 0.000 0.000 0.000 0.000 70.162 0.000 0.000 0.000 0.000 68.771 0.000 0.000 0.000 0.000 67.022 0.000 0.000 0.000 0.000 64.884 0.000 0.000 0.000 0.000 62.342 0.000 0.000 0.000 0.000 59.398 0.000 0.000 0.000 0.000 61.406 0.000 0.000 0.000 0.000 0.000 0.000 0.000 0.000
259200.000 0.000 0.000 0.000 0.000 0.000 0.000 0.000 0.000 73.421 0.000 0.000 0.000 0.000 73.349 0.000 0.000 0.000 0.000 73.201 0.000 0.000 0.000 0.000 72.967 0.000 0.000 0.000 0.000 72.630 0.000 0.000 0.000 0.000 72.172 0.000 0.000 0.000 0.000 71.567 0.000 0.000 0.000 0.000 70.792 0.000 0.000 0.000 0.000 69.820 0.000 0.000 0.000 0.000 68.628 0.000 0.000 0.000 0.000 67.193 0.000 0.000 0.000 0.000 65.500 0.000 0.000 0.000 0.000 63.540 0.000 0.000 0.000 0.000 61.311 0.000 0.000 0.000 0.000 58.819 0.000 0.000 0.000 0.000 60.924 0.000 0.000 0.000 0.000 0.000 0.000 0.000 0.000
345600.000 0.000 0.000 0.000 0.000 0.000 0.000 0.000 0.000 72.883 0.000 0.000 0.000 0.000 72.782 0.000 0.000 0.000 0.000 72.581 0.000 0.000 0.000 0.000 72.272 0.000 0.000 0.000 0.000 71.846 0.000 0.000 0.000 0.000 71.290 0.000 0.000 0.000 0.000 70.591 0.000 0.000 0.000 0.000 69.735 0.000 0.000 0.000 0.000 68.707 0.000 0.000 0.000 0.000 67.496 0.000 0.000 0.000 0.000 66.091 0.000 0.000 0.000 0.000 64.486 0.000 0.000 0.000 0.000 62.679 0.000 0.000 0.000 0.000 60.670 0.000 0.000 0.000 0.000 58.468 0.000 0.000 0.000 0.000 60.635 0.000 0.000 0.000 0.000 0.000 0.000 0.000 0.000
432000.000 0.000 0.000 0.000 0.000 0.000 0.000 0.000 0.000 72.217 0.000 0.000 0.000 0.000 72.101 0.000 0.000 0.000 0.000 71.871 0.000 0.000 0.000 0.000 71.524 0.000 0.000 0.000 0.000 71.054 0.000 0.000 0.000 0.000 70.454 0.000 0.000 0.000 0.000 69.717 0.000 0.000 0.000 0.000 68.835 0.000 0.000 0.000 0.000 67.802 0.000 0.000 0.000 0.000 66.611 0.000 0.000 0.000 0.000 65.258 0.000 0.000 0.000 0.000 63.741 0.000 0.000 0.000 0.000 62.060 0.000 0.000 0.000 0.000 60.219 0.000 0.000 0.000 0.000 58.224 0.000 0.000 0.000 0.000 60.435 0.000 0.000 0.000 0.000 0.000 0.000 0.000 0.000
518400.000 0.000 0.000 0.000 0.000 0.000 0.000 0.000 0.000 71.493 0.000 0.000 0.000 0.000 71.371 0.000 0.000 0.000 0.000 71.129 0.000 0.000 0.000 0.000 70.767 0.000 0.000 0.000 0.000 70.282 0.000 0.000 0.000 0.000 69.669 0.000 0.000 0.000 0.000 68.926 0.000 0.000 0.000 0.000 68.049 0.000 0.000 0.000 0.000 67.035 0.000 0.000 0.000 0.000 65.882 0.000 0.000 0.000 0.000 64.587 0.000 0.000 0.000 0.000 63.153 0.000 0.000 0.000 0.000 61.581 0.000 0.000 0.000 0.000 59.875 0.000 0.000 0.000 0.000 58.040 0.000 0.000 0.000 0.000 60.284 0.000 0.000 0.000 0.000 0.000 0.000 0.000 0.000
604800.000 0.000 0.000 0.000 0.000 0.000 0.000 0.000 0.000 70.753 0.000 0.000 0.000 0.000 70.629 0.000 0.000 0.000 0.000 70.386 0.000 0.000 0.000 0.000 70.023 0.000 0.000 0.000 0.000 69.539 0.000 0.000 0.000 0.000 68.932 0.000 0.000 0.000 0.000 68.201 0.000 0.000 0.000 0.000 67.345 0.000 0.000 0.000 0.000 66.363 0.000 0.000 0.000 0.000 65.255 0.000 0.000 0.000 0.000 64.021 0.000 0.000 0.000 0.000 62.665 0.000 0.000 0.000 0.000 61.188 0.000 0.000 0.000 0.000 59.594 0.000 0.000 0.000 0.000 57.891 0.000 0.000 0.000 0.000 60.163 0.000 0.000 0.000 0.000 0.000 0.000 0.000 0.000
691200.000 0.000 0.000 0.000 0.000 0.000 0.000 0.000 0.000 70.022 0.000 0.000 0.000 0.000 69.900 0.000 0.000 0.000 0.000 69.660 0.000 0.000 0.000 0.000 69.303 0.000 0.000 0.000 0.000 68.830 0.000 0.000 0.000 0.000 68.238 0.000 0.000 0.000 0.000 67.529 0.000 0.000 0.000 0.000 66.702 0.000 0.000 0.000 0.000 65.758 0.000 0.000 0.000 0.000 64.699 0.000 0.000 0.000 0.000 63.526 0.000 0.000 0.000 0.000 62.242 0.000 0.000 0.000 0.000 60.850 0.000 0.000 0.000 0.000 59.356 0.000 0.000 0.000 0.000 57.765 0.000 0.000 0.000 0.000 60.061 0.000 0.000 0.000 0.000 0.000 0.000 0.000 0.000
777600.000 0.000 0.000 0.000 0.000 0.000 0.000 0.000 0.000 69.311 0.000 0.000 0.000 0.000 69.193 0.000 0.000 0.000 0.000 68.960 0.000 0.000 0.000 0.000 68.614 0.000 0.000 0.000 0.000 68.155 0.000 0.000 0.000 0.000 67.584 0.000 0.000 0.000 0.000 66.901 0.000 0.000 0.000 0.000 66.108 0.000 0.000 0.000 0.000 65.205 0.000 0.000 0.000 0.000 64.195 0.000 0.000 0.000 0.000 63.081 0.000 0.000 0.000 0.000 61.865 0.000 0.000 0.000 0.000 60.552 0.000 0.000 0.000 0.000 59.147 0.000 0.000 0.000 0.000 57.655 0.000 0.000 0.000 0.000 59.972 0.000 0.000 0.000 0.000 0.000 0.000 0.000 0.000
864000.000 0.000 0.000 0.000 0.000 0.000 0.000 0.000 0.000 68.629 0.000 0.000 0.000 0.000 68.514 0.000 0.000 0.000 0.000 68.290 0.000 0.000 0.000 0.000 67.957 0.000 0.000 0.000 0.000 67.516 0.000 0.000 0.000 0.000 66.968 0.000 0.000 0.000 0.000 66.314 0.000 0.000 0.000 0.000 65.555 0.000 0.000 0.000 0.000 64.694 0.000 0.000 0.000 0.000 63.733 0.000 0.000 0.000 0.000 62.675 0.000 0.000 0.000 0.000 61.523 0.000 0.000 0.000 0.000 60.283 0.000 0.000 0.000 0.000 58.959 0.000 0.000 0.000 0.000 57.557 0.000 0.000 0.000 0.000 59.892 0.000 0.000 0.000 0.000 0.000 0.000 0.000 0.000
950400.000 0.000 0.000 0.000 0.000 0.000 0.000 0.000 0.000 67.978 0.000 0.000 0.000 0.000 67.868 0.000 0.000 0.000 0.000 67.652 0.000 0.000 0.000 0.000 67.333 0.000 0.000 0.000 0.000 66.911 0.000 0.000 0.000 0.000 66.386 0.000 0.000 0.000 0.000 65.761 0.000 0.000 0.000 0.000 65.038 0.000 0.000 0.000 0.000 64.217 0.000 0.000 0.000 0.000 63.304 0.000 0.000 0.000 0.000 62.299 0.000 0.000 0.000 0.000 61.209 0.000 0.000 0.000 0.000 60.036 0.000 0.000 0.000 0.000 58.787 0.000 0.000 0.000 0.000 57.468 0.000 0.000 0.000 0.000 59.820 0.000 0.000 0.000 0.000 0.000 0.000 0.000 0.000
1036800.000 0.000 0.000 0.000 0.000 0.000 0.000 0.000 0.000 67.358 0.000 0.000 0.000 0.000 67.253 0.000 0.000 0.000 0.000 67.047 0.000 0.000 0.000 0.000 66.741 0.000 0.000 0.000 0.000 66.338 0.000 0.000 0.000 0.000 65.837 0.000 0.000 0.000 0.000 65.241 0.000 0.000 0.000 0.000 64.552 0.000 0.000 0.000 0.000 63.772 0.000 0.000 0.000 0.000 62.903 0.000 0.000 0.000 0.000 61.950 0.000 0.000 0.000 0.000 60.917 0.000 0.000 0.000 0.000 59.808 0.000 0.000 0.000 0.000 58.629 0.000 0.000 0.000 0.000 57.385 0.000 0.000 0.000 0.000 59.753 0.000 0.000 0.000 0.000 0.000 0.000 0.000 0.000
1123200.000 0.000 0.000 0.000 0.000 0.000 0.000 0.000 0.000 66.770 0.000 0.000 0.000 0.000 66.669 0.000 0.000 0.000 0.000 66.472 0.000 0.000 0.000 0.000 66.181 0.000 0.000 0.000 0.000 65.796 0.000 0.000 0.000 0.000 65.319 0.000 0.000 0.000 0.000 64.751 0.000 0.000 0.000 0.000 64.095 0.000 0.000 0.000 0.000 63.353 0.000 0.000 0.000 0.000 62.528 0.000 0.000 0.000 0.000 61.624 0.000 0.000 0.000 0.000 60.645 0.000 0.000 0.000 0.000 59.596 0.000 0.000 0.000 0.000 58.481 0.000 0.000 0.000 0.000 57.309 0.000 0.000 0.000 0.000 59.692 0.000 0.000 0.000 0.000 0.000 0.000 0.000 0.000
1209600.000 0.000 0.000 0.000 0.000 0.000 0.000 0.000 0.000 66.213 0.000 0.000 0.000 0.000 66.116 0.000 0.000 0.000 0.000 65.928 0.000 0.000 0.000 0.000 65.651 0.000 0.000 0.000 0.000 65.284 0.000 0.000 0.000 0.000 64.829 0.000 0.000 0.000 0.000 64.288 0.000 0.000 0.000 0.000 63.664 0.000 0.000 0.000 0.000 62.959 0.000 0.000 0.000 0.000 62.176 0.000 0.000 0.000 0.000 61.318 0.000 0.000 0.000 0.000 60.390 0.000 0.000 0.000 0.000 59.397 0.000 0.000 0.000 0.000 58.344 0.000 0.000 0.000 0.000 57.238 0.000 0.000 0.000 0.000 59.634 0.000 0.000 0.000 0.000 0.000 0.000 0.000 0.000
1296000.000 0.000 0.000 0.000 0.000 0.000 0.000 0.000 0.000 65.684 0.000 0.000 0.000 0.000 65.592 0.000 0.000 0.000 0.000 65.413 0.000 0.000 0.000 0.000 65.149 0.000 0.000 0.000 0.000 64.799 0.000 0.000 0.000 0.000 64.366 0.000 0.000 0.000 0.000 63.852 0.000 0.000 0.000 0.000 63.258 0.000 0.000 0.000 0.000 62.588 0.000 0.000 0.000 0.000 61.844 0.000 0.000 0.000 0.000 61.030 0.000 0.000 0.000 0.000 60.151 0.000 0.000 0.000 0.000 59.211 0.000 0.000 0.000 0.000 58.216 0.000 0.000 0.000 0.000 57.171 0.000 0.000 0.000 0.000 59.581 0.000 0.000 0.000 0.000 0.000 0.000 0.000 0.000
1382400.000 0.000 0.000 0.000 0.000 0.000 0.000 0.000 0.000 65.184 0.000 0.000 0.000 0.000 65.096 0.000 0.000 0.000 0.000 64.926 0.000 0.000 0.000 0.000 64.673 0.000 0.000 0.000 0.000 64.341 0.000 0.000 0.000 0.000 63.929 0.000 0.000 0.000 0.000 63.439 0.000 0.000 0.000 0.000 62.875 0.000 0.000 0.000 0.000 62.238 0.000 0.000 0.000 0.000 61.532 0.000 0.000 0.000 0.000 60.760 0.000 0.000 0.000 0.000 59.927 0.000 0.000 0.000 0.000 59.037 0.000 0.000 0.000 0.000 58.095 0.000 0.000 0.000 0.000 57.109 0.000 0.000 0.000 0.000 59.531 0.000 0.000 0.000 0.000 0.000 0.000 0.000 0.000
1468800.000 0.000 0.000 0.000 0.000 0.000 0.000 0.000 0.000 64.710 0.000 0.000 0.000 0.000 64.627 0.000 0.000 0.000 0.000 64.464 0.000 0.000 0.000 0.000 64.224 0.000 0.000 0.000 0.000 63.907 0.000 0.000 0.000 0.000 63.515 0.000 0.000 0.000 0.000 63.050 0.000 0.000 0.000 0.000 62.513 0.000 0.000 0.000 0.000 61.908 0.000 0.000 0.000 0.000 61.237 0.000 0.000 0.000 0.000 60.505 0.000 0.000 0.000 0.000 59.715 0.000 0.000 0.000 0.000 58.873 0.000 0.000 0.000 0.000 57.983 0.000 0.000 0.000 0.000 57.051 0.000 0.000 0.000 0.000 59.484 0.000 0.000 0.000 0.000 0.000 0.000 0.000 0.000
1555200.000 0.000 0.000 0.000 0.000 0.000 0.000 0.000 0.000 64.262 0.000 0.000 0.000 0.000 64.182 0.000 0.000 0.000 0.000 64.027 0.000 0.000 0.000 0.000 63.799 0.000 0.000 0.000 0.000 63.497 0.000 0.000 0.000 0.000 63.124 0.000 0.000 0.000 0.000 62.681 0.000 0.000 0.000 0.000 62.171 0.000 0.000 0.000 0.000 61.596 0.000 0.000 0.000 0.000 60.960 0.000 0.000 0.000 0.000 60.265 0.000 0.000 0.000 0.000 59.517 0.000 0.000 0.000 0.000 58.719 0.000 0.000 0.000 0.000 57.876 0.000 0.000 0.000 0.000 56.996 0.000 0.000 0.000 0.000 59.441 0.000 0.000 0.000 0.000 0.000 0.000 0.000 0.000
1641600.000 0.000 0.000 0.000 0.000 0.000 0.000 0.000 0.000 63.837 0.000 0.000 0.000 0.000 63.761 0.000 0.000 0.000 0.000 63.614 0.000 0.000 0.000 0.000 63.396 0.000 0.000 0.000 0.000 63.109 0.000 0.000 0.000 0.000 62.754 0.000 0.000 0.000 0.000 62.333 0.000 0.000 0.000 0.000 61.848 0.000 0.000 0.000 0.000 61.302 0.000 0.000 0.000 0.000 60.698 0.000 0.000 0.000 0.000 60.039 0.000 0.000 0.000 0.000 59.329 0.000 0.000 0.000 0.000 58.573 0.000 0.000 0.000 0.000 57.777 0.000 0.000 0.000 0.000 56.945 0.000 0.000 0.000 0.000 59.400 0.000 0.000 0.000 0.000 0.000 0.000 0.000 0.000
1728000.000 0.000 0.000 0.000 0.000 0.000 0.000 0.000 0.000 63.435 0.000 0.000 0.000 0.000 63.363 0.000 0.000 0.000 0.000 63.223 0.000 0.000 0.000 0.000 63.015 0.000 0.000 0.000 0.000 62.742 0.000 0.000 0.000 0.000 62.404 0.000 0.000 0.000 0.000 62.004 0.000 0.000 0.000 0.000 61.543 0.000 0.000 0.000 0.000 61.024 0.000 0.000 0.000 0.000 60.451 0.000 0.000 0.000 0.000 59.825 0.000 0.000 0.000 0.000 59.153 0.000 0.000 0.000 0.000 58.437 0.000 0.000 0.000 0.000 57.683 0.000 0.000 0.000 0.000 56.897 0.000 0.000 0.000 0.000 59.361 0.000 0.000 0.000 0.000 0.000 0.000 0.000 0.000
1814400.000 0.000 0.000 0.000 0.000 0.000 0.000 0.000 0.000 63.055 0.000 0.000 0.000 0.000 62.986 0.000 0.000 0.000 0.000 62.852 0.000 0.000 0.000 0.000 62.655 0.000 0.000 0.000 0.000 62.395 0.000 0.000 0.000 0.000 62.073 0.000 0.000 0.000 0.000 61.693 0.000 0.000 0.000 0.000 61.255 0.000 0.000 0.000 0.000 60.762 0.000 0.000 0.000 0.000 60.217 0.000 0.000 0.000 0.000 59.624 0.000 0.000 0.000 0.000 58.986 0.000 0.000 0.000 0.000 58.308 0.000 0.000 0.000 0.000 57.595 0.000 0.000 0.000 0.000 56.852 0.000 0.000 0.000 0.000 59.325 0.000 0.000 0.000 0.000 0.000 0.000 0.000 0.000
1900800.000 0.000 0.000 0.000 0.000 0.000 0.000 0.000 0.000 62.694 0.000 0.000 0.000 0.000 62.628 0.000 0.000 0.000 0.000 62.501 0.000 0.000 0.000 0.000 62.313 0.000 0.000 0.000 0.000 62.066 0.000 0.000 0.000 0.000 61.760 0.000 0.000 0.000 0.000 61.398 0.000 0.000 0.000 0.000 60.982 0.000 0.000 0.000 0.000 60.514 0.000 0.000 0.000 0.000 59.997 0.000 0.000 0.000 0.000 59.434 0.000 0.000 0.000 0.000 58.829 0.000 0.000 0.000 0.000 58.187 0.000 0.000 0.000 0.000 57.512 0.000 0.000 0.000 0.000 56.809 0.000 0.000 0.000 0.000 59.291 0.000 0.000 0.000 0.000 0.000 0.000 0.000 0.000
1987200.000 0.000 0.000 0.000 0.000 0.000 0.000 0.000 0.000 62.353 0.000 0.000 0.000 0.000 62.290 0.000 0.000 0.000 0.000 62.169 0.000 0.000 0.000 0.000 61.990 0.000 0.000 0.000 0.000 61.754 0.000 0.000 0.000 0.000 61.464 0.000 0.000 0.000 0.000 61.120 0.000 0.000 0.000 0.000 60.724 0.000 0.000 0.000 0.000 60.279 0.000 0.000 0.000 0.000 59.788 0.000 0.000 0.000 0.000 59.254 0.000 0.000 0.000 0.000 58.681 0.000 0.000 0.000 0.000 58.073 0.000 0.000 0.000 0.000 57.433 0.000 0.000 0.000 0.000 56.769 0.000 0.000 0.000 0.000 59.259 0.000 0.000 0.000 0.000 0.000 0.000 0.000 0.000
2073600.000 0.000 0.000 0.000 0.000 0.000 0.000 0.000 0.000 62.029 0.000 0.000 0.000 0.000 61.969 0.000 0.000 0.000 0.000 61.854 0.000 0.000 0.000 0.000 61.684 0.000 0.000 0.000 0.000 61.460 0.000 0.000 0.000 0.000 61.183 0.000 0.000 0.000 0.000 60.856 0.000 0.000 0.000 0.000 60.480 0.000 0.000 0.000 0.000 60.058 0.000 0.000 0.000 0.000 59.592 0.000 0.000 0.000 0.000 59.085 0.000 0.000 0.000 0.000 58.541 0.000 0.000 0.000 0.000 57.965 0.000 0.000 0.000 0.000 57.360 0.000 0.000 0.000 0.000 56.731 0.000 0.000 0.000 0.000 59.229 0.000 0.000 0.000 0.000 0.000 0.000 0.000 0.000
2160000.000 0.000 0.000 0.000 0.000 0.000 0.000 0.000 0.000 61.723 0.000 0.000 0.000 0.000 61.666 0.000 0.000 0.000 0.000 61.556 0.000 0.000 0.000 0.000 61.394 0.000 0.000 0.000 0.000 61.181 0.000 0.000 0.000 0.000 60.918 0.000 0.000 0.000 0.000 60.607 0.000 0.000 0.000 0.000 60.250 0.000 0.000 0.000 0.000 59.848 0.000 0.000 0.000 0.000 59.406 0.000 0.000 0.000 0.000 58.925 0.000 0.000 0.000 0.000 58.409 0.000 0.000 0.000 0.000 57.863 0.000 0.000 0.000 0.000 57.290 0.000 0.000 0.000 0.000 56.696 0.000 0.000 0.000 0.000 59.201 0.000 0.000 0.000 0.000 0.000 0.000 0.000 0.000
2246400.000 0.000 0.000 0.000 0.000 0.000 0.000 0.000 0.000 61.432 0.000 0.000 0.000 0.000 61.378 0.000 0.000 0.000 0.000 61.273 0.000 0.000 0.000 0.000 61.119 0.000 0.000 0.000 0.000 60.917 0.000 0.000 0.000 0.000 60.667 0.000 0.000 0.000 0.000 60.371 0.000 0.000 0.000 0.000 60.031 0.000 0.000 0.000 0.000 59.650 0.000 0.000 0.000 0.000 59.230 0.000 0.000 0.000 0.000 58.774 0.000 0.000 0.000 0.000 58.285 0.000 0.000 0.000 0.000 57.767 0.000 0.000 0.000 0.000 57.225 0.000 0.000 0.000 0.000 56.663 0.000 0.000 0.000 0.000 59.174 0.000 0.000 0.000 0.000 0.000 0.000 0.000 0.000
2332800.000 0.000 0.000 0.000 0.000 0.000 0.000 0.000 0.000 61.157 0.000 0.000 0.000 0.000 61.106 0.000 0.000 0.000 0.000 61.006 0.000 0.000 0.000 0.000 60.859 0.000 0.000 0.000 0.000 60.666 0.000 0.000 0.000 0.000 60.429 0.000 0.000 0.000 0.000 60.148 0.000 0.000 0.000 0.000 59.825 0.000 0.000 0.000 0.000 59.463 0.000 0.000 0.000 0.000 59.064 0.000 0.000 0.000 0.000 58.631 0.000 0.000 0.000 0.000 58.167 0.000 0.000 0.000 0.000 57.677 0.000 0.000 0.000 0.000 57.163 0.000 0.000 0.000 0.000 56.631 0.000 0.000 0.000 0.000 59.149 0.000 0.000 0.000 0.000 0.000 0.000 0.000 0.000
2419200.000 0.000 0.000 0.000 0.000 0.000 0.000 0.000 0.000 60.896 0.000 0.000 0.000 0.000 60.847 0.000 0.000 0.000 0.000 60.752 0.000 0.000 0.000 0.000 60.613 0.000 0.000 0.000 0.000 60.429 0.000 0.000 0.000 0.000 60.203 0.000 0.000 0.000 0.000 59.936 0.000 0.000 0.000 0.000 59.629 0.000 0.000 0.000 0.000 59.286 0.000 0.000 0.000 0.000 58.907 0.000 0.000 0.000 0.000 58.496 0.000 0.000 0.000 0.000 58.056 0.000 0.000 0.000 0.000 57.591 0.000 0.000 0.000 0.000 57.105 0.000 0.000 0.000 0.000 56.601 0.000 0.000 0.000 0.000 59.125 0.000 0.000 0.000 0.000 0.000 0.000 0.000 0.000
2505600.000 0.000 0.000 0.000 0.000 0.000 0.000 0.000 0.000 60.649 0.000 0.000 0.000 0.000 60.602 0.000 0.000 0.000 0.000 60.512 0.000 0.000 0.000 0.000 60.379 0.000 0.000 0.000 0.000 60.205 0.000 0.000 0.000 0.000 59.990 0.000 0.000 0.000 0.000 59.736 0.000 0.000 0.000 0.000 59.444 0.000 0.000 0.000 0.000 59.118 0.000 0.000 0.000 0.000 58.758 0.000 0.000 0.000 0.000 58.368 0.000 0.000 0.000 0.000 57.952 0.000 0.000 0.000 0.000 57.511 0.000 0.000 0.000 0.000 57.050 0.000 0.000 0.000 0.000 56.574 0.000 0.000 0.000 0.000 59.103 0.000 0.000 0.000 0.000 0.000 0.000 0.000 0.000
2592000.000 0.000 0.000 0.000 0.000 0.000 0.000 0.000 0.000 60.415 0.000 0.000 0.000 0.000 60.370 0.000 0.000 0.000 0.000 60.284 0.000 0.000 0.000 0.000 60.158 0.000 0.000 0.000 0.000 59.992 0.000 0.000 0.000 0.000 59.788 0.000 0.000 0.000 0.000 59.546 0.000 0.000 0.000 0.000 59.269 0.000 0.000 0.000 0.000 58.959 0.000 0.000 0.000 0.000 58.618 0.000 0.000 0.000 0.000 58.248 0.000 0.000 0.000 0.000 57.852 0.000 0.000 0.000 0.000 57.435 0.000 0.000 0.000 0.000 56.998 0.000 0.000 0.000 0.000 56.547 0.000 0.000 0.000 0.000 59.082 0.000 0.000 0.000 0.000 0.000 0.000 0.000 0.000
2678400.000 0.000 0.000 0.000 0.000 0.000 0.000 0.000 0.000 60.193 0.000 0.000 0.000 0.000 60.150 0.000 0.000 0.000 0.000 60.069 0.000 0.000 0.000 0.000 59.949 0.000 0.000 0.000 0.000 59.791 0.000 0.000 0.000 0.000 59.596 0.000 0.000 0.000 0.000 59.367 0.000 0.000 0.000 0.000 59.104 0.000 0.000 0.000 0.000 58.809 0.000 0.000 0.000 0.000 58.485 0.000 0.000 0.000 0.000 58.134 0.000 0.000 0.000 0.000 57.759 0.000 0.000 0.000 0.000 57.363 0.000 0.000 0.000 0.000 56.949 0.000 0.000 0.000 0.000 56.522 0.000 0.000 0.000 0.000 59.063 0.000 0.000 0.000 0.000 0.000 0.000 0.000 0.000
2764800.000 0.000 0.000 0.000 0.000 0.000 0.000 0.000 0.000 59.982 0.000 0.000 0.000 0.000 59.942 0.000 0.000 0.000 0.000 59.864 0.000 0.000 0.000 0.000 59.750 0.000 0.000 0.000 0.000 59.600 0.000 0.000 0.000 0.000 59.415 0.000 0.000 0.000 0.000 59.197 0.000 0.000 0.000 0.000 58.947 0.000 0.000 0.000 0.000 58.667 0.000 0.000 0.000 0.000 58.359 0.000 0.000 0.000 0.000 58.026 0.000 0.000 0.000 0.000 57.670 0.000 0.000 0.000 0.000 57.295 0.000 0.000 0.000 0.000 56.903 0.000 0.000 0.000 0.000 56.499 0.000 0.000 0.000 0.000 59.044 0.000 0.000 0.000 0.000 0.000 0.000 0.000 0.000
2851200.000 0.000 0.000 0.000 0.000 0.000 0.000 0.000 0.000 59.783 0.000 0.000 0.000 0.000 59.744 0.000 0.000 0.000 0.000 59.670 0.000 0.000 0.000 0.000 59.562 0.000 0.000 0.000 0.000 59.419 0.000 0.000 0.000 0.000 59.243 0.000 0.000 0.000 0.000 59.036 0.000 0.000 0.000 0.000 58.798 0.000 0.000 0.000 0.000 58.532 0.000 0.000 0.000 0.000 58.240 0.000 0.000 0.000 0.000 57.924 0.000 0.000 0.000 0.000 57.587 0.000 0.000 0.000 0.000 57.231 0.000 0.000 0.000 0.000 56.860 0.000 0.000 0.000 0.000 56.477 0.000 0.000 0.000 0.000 59.026 0.000 0.000 0.000 0.000 0.000 0.000 0.000 0.000
2937600.000 0.000 0.000 0.000 0.000 0.000 0.000 0.000 0.000 59.593 0.000 0.000 0.000 0.000 59.557 0.000 0.000 0.000 0.000 59.486 0.000 0.000 0.000 0.000 59.383 0.000 0.000 0.000 0.000 59.247 0.000 0.000 0.000 0.000 59.080 0.000 0.000 0.000 0.000 58.883 0.000 0.000 0.000 0.000 58.658 0.000 0.000 0.000 0.000 58.405 0.000 0.000 0.000 0.000 58.128 0.000 0.000 0.000 0.000 57.828 0.000 0.000 0.000 0.000 57.508 0.000 0.000 0.000 0.000 57.170 0.000 0.000 0.000 0.000 56.819 0.000 0.000 0.000 0.000 56.456 0.000 0.000 0.000 0.000 59.010 0.000 0.000 0.000 0.000 0.000 0.000 0.000 0.000
3024000.000 0.000 0.000 0.000 0.000 0.000 0.000 0.000 0.000 59.414 0.000 0.000 0.000 0.000 59.379 0.000 0.000 0.000 0.000 59.312 0.000 0.000 0.000 0.000 59.214 0.000 0.000 0.000 0.000 59.085 0.000 0.000 0.000 0.000 58.926 0.000 0.000 0.000 0.000 58.739 0.000 0.000 0.000 0.000 58.524 0.000 0.000 0.000 0.000 58.285 0.000 0.000 0.000 0.000 58.021 0.000 0.000 0.000 0.000 57.736 0.000 0.000 0.000 0.000 57.433 0.000 0.000 0.000 0.000 57.113 0.000 0.000 0.000 0.000 56.780 0.000 0.000 0.000 0.000 56.436 0.000 0.000 0.000 0.000 58.994 0.000 0.000 0.000 0.000 0.000 0.000 0.000 0.000
3110400.000 0.000 0.000 0.000 0.000 0.000 0.000 0.000 0.000 59.244 0.000 0.000 0.000 0.000 59.211 0.000 0.000 0.000 0.000 59.147 0.000 0.000 0.000 0.000 59.053 0.000 0.000 0.000 0.000 58.931 0.000 0.000 0.000 0.000 58.780 0.000 0.000 0.000 0.000 58.602 0.000 0.000 0.000 0.000 58.398 0.000 0.000 0.000 0.000 58.170 0.000 0.000 0.000 0.000 57.920 0.000 0.000 0.000 0.000 57.650 0.000 0.000 0.000 0.000 57.362 0.000 0.000 0.000 0.000 57.059 0.000 0.000 0.000 0.000 56.743 0.000 0.000 0.000 0.000 56.417 0.000 0.000 0.000 0.000 58.979 0.000 0.000 0.000 0.000 0.000 0.000 0.000 0.000
3196800.000 0.000 0.000 0.000 0.000 0.000 0.000 0.000 0.000 59.082 0.000 0.000 0.000 0.000 59.051 0.000 0.000 0.000 0.000 58.990 0.000 0.000 0.000 0.000 58.901 0.000 0.000 0.000 0.000 58.785 0.000 0.000 0.000 0.000 58.641 0.000 0.000 0.000 0.000 58.472 0.000 0.000 0.000 0.000 58.279 0.000 0.000 0.000 0.000 58.062 0.000 0.000 0.000 0.000 57.825 0.000 0.000 0.000 0.000 57.568 0.000 0.000 0.000 0.000 57.295 0.000 0.000 0.000 0.000 57.008 0.000 0.000 0.000 0.000 56.708 0.000 0.000 0.000 0.000 56.400 0.000 0.000 0.000 0.000 58.965 0.000 0.000 0.000 0.000 0.000 0.000 0.000 0.000
3283200.000 0.000 0.000 0.000 0.000 0.000 0.000 0.000 0.000 58.929 0.000 0.000 0.000 0.000 58.899 0.000 0.000 0.000 0.000 58.842 0.000 0.000 0.000 0.000 58.757 0.000 0.000 0.000 0.000 58.646 0.000 0.000 0.000 0.000 58.510 0.000 0.000 0.000 0.000 58.349 0.000 0.000 0.000 0.000 58.165 0.000 0.000 0.000 0.000 57.960 0.000 0.000 0.000 0.000 57.734 0.000 0.000 0.000 0.000 57.491 0.000 0.000 0.000 0.000 57.232 0.000 0.000 0.000 0.000 56.959 0.000 0.000 0.000 0.000 56.675 0.000 0.000 0.000 0.000 56.383 0.000 0.000 0.000 0.000 58.952 0.000 0.000 0.000 0.000 0.000 0.000 0.000 0.000
3369600.000 0.000 0.000 0.000 0.000 0.000 0.000 0.000 0.000 58.784 0.000 0.000 0.000 0.000 58.756 0.000 0.000 0.000 0.000 58.701 0.000 0.000 0.000 0.000 58.620 0.000 0.000 0.000 0.000 58.515 0.000 0.000 0.000 0.000 58.385 0.000 0.000 0.000 0.000 58.233 0.000 0.000 0.000 0.000 58.058 0.000 0.000 0.000 0.000 57.863 0.000 0.000 0.000 0.000 57.649 0.000 0.000 0.000 0.000 57.418 0.000 0.000 0.000 0.000 57.172 0.000 0.000 0.000 0.000 56.913 0.000 0.000 0.000 0.000 56.644 0.000 0.000 0.000 0.000 56.367 0.000 0.000 0.000 0.000 58.940 0.000 0.000 0.000 0.000 0.000 0.000 0.000 0.000
3456000.000 0.000 0.000 0.000 0.000 0.000 0.000 0.000 0.000 58.646 0.000 0.000 0.000 0.000 58.619 0.000 0.000 0.000 0.000 58.567 0.000 0.000 0.000 0.000 58.491 0.000 0.000 0.000 0.000 58.391 0.000 0.000 0.000 0.000 58.267 0.000 0.000 0.000 0.000 58.122 0.000 0.000 0.000 0.000 57.956 0.000 0.000 0.000 0.000 57.771 0.000 0.000 0.000 0.000 57.568 0.000 0.000 0.000 0.000 57.349 0.000 0.000 0.000 0.000 57.115 0.000 0.000 0.000 0.000 56.870 0.000 0.000 0.000 0.000 56.615 0.000 0.000 0.000 0.000 56.353 0.000 0.000 0.000 0.000 58.928 0.000 0.000 0.000 0.000 0.000 0.000 0.000 0.000
3542400.000 0.000 0.000 0.000 0.000 0.000 0.000 0.000 0.000 58.516 0.000 0.000 0.000 0.000 58.490 0.000 0.000 0.000 0.000 58.440 0.000 0.000 0.000 0.000 58.368 0.000 0.000 0.000 0.000 58.273 0.000 0.000 0.000 0.000 58.155 0.000 0.000 0.000 0.000 58.018 0.000 0.000 0.000 0.000 57.860 0.000 0.000 0.000 0.000 57.684 0.000 0.000 0.000 0.000 57.491 0.000 0.000 0.000 0.000 57.283 0.000 0.000 0.000 0.000 57.062 0.000 0.000 0.000 0.000 56.829 0.000 0.000 0.000 0.000 56.587 0.000 0.000 0.000 0.000 56.339 0.000 0.000 0.000 0.000 58.917 0.000 0.000 0.000 0.000 0.000 0.000 0.000 0.000
3628800.000 0.000 0.000 0.000 0.000 0.000 0.000 0.000 0.000 58.392 0.000 0.000 0.000 0.000 58.367 0.000 0.000 0.000 0.000 58.320 0.000 0.000 0.000 0.000 58.251 0.000 0.000 0.000 0.000 58.161 0.000 0.000 0.000 0.000 58.049 0.000 0.000 0.000 0.000 57.918 0.000 0.000 0.000 0.000 57.769 0.000 0.000 0.000 0.000 57.602 0.000 0.000 0.000 0.000 57.418 0.000 0.000 0.000 0.000 57.221 0.000 0.000 0.000 0.000 57.011 0.000 0.000 0.000 0.000 56.790 0.000 0.000 0.000 0.000 56.561 0.000 0.000 0.000 0.000 56.325 0.000 0.000 0.000 0.000 58.906 0.000 0.000 0.000 0.000 0.000 0.000 0.000 0.000
0.000 0.000 0.000 0.000 0.000 0.000 0.000 0.000 0.000 0.000 0.000 0.000 0.000 0.000 0.000 0.000 0.000 0.000 0.000 0.000 0.000 0.000 0.000 0.000 0.000 0.000 0.000 0.000 0.000 0.000 0.000 0.000 0.000 0.000 0.000 0.000 0.000 0.000 0.000 0.000 0.000 0.000 0.000 0.000 0.000 0.000 0.000 0.000 0.000 0.000 0.000 0.000 0.000 0.000 0.000 0.000 0.000 0.000 0.000 0.000 0.000 0.000 0.000 0.000 0.000 0.000 0.000 0.000 0.000 0.000 0.000 0.000 0.000 0.000 0.000 0.000 0.000 0.000 0.000 0.000 0.000 0.000 0.000 0.000 0.002 0.000 0.000 0.000 0.000 0.000 0.000 0.000 0.000
86400.000 0.000 0.000 0.000 0.000 0.000 0.000 0.000 0.000 73.864 0.000 0.000 0.000 0.000 73.853 0.000 0.000 0.000 0.000 73.832 0.000 0.000 0.000 0.000 73.800 0.000 0.000 0.000 0.000 73.753 0.000 0.000 0.000 0.000 73.680 0.000 0.000 0.000 0.000 73.554 0.000 0.000 0.000 0.000 73.331 0.000 0.000 0.000 0.000 72.942 0.000 0.000 0.000 0.000 72.290 0.000 0.000 0.000 0.000 71.251 0.000 0.000 0.000 0.000 69.688 0.000 0.000 0.000 0.000 67.464 0.000 0.000 0.000 0.000 64.472 0.000 0.000 0.000 0.000 60.661 0.000 0.000 0.000 0.000 62.469 0.000 0.000 0.000 0.000 0.000 0.000 0.000 0.000
172800.000 0.000 0.000 0.000 0.000 0.000 0.000 0.000 0.000 73.750 0.000 0.000 0.000 0.000 73.717 0.000 0.000 0.000 0.000 73.646 0.000 0.000 0.000 0.000 73.524 0.000 0.000 0.000 0.000 73.334 0.000 0.000 0.000 0.000 73.048 0.000 0.000 0.000 0.000 72.631 0.000 0.000 0.000 0.000 72.043 0.000 0.000 0.000 0.000 71.237 0.000 0.000 0.000 0.000 70.162 0.000 0.000 0.000 0.000 68.771 0.000 0.000 0.000 0.000 67.022 0.000 0.000 0.000 0.000 64.884 0.000 0.000 0.000 0.000 62.342 0.000 0.000 0.000 0.000 59.398 0.000 0.000 0.000 0.000 61.406 0.000 0.000 0.000 0.000 0.000 0.000 0.000 0.000
