0.000 45.000 -1.500 45.000 45.000 0.000 45.000 45.000 1.500 45.000 45.000 3.000 45.000 45.000 4.500 45.000 45.000 6.000 45.000 45.000 7.500 45.000 45.000 9.000 45.000 45.000 10.500 45.000 45.000 12.000 45.000 45.000 13.500 45.000 45.000 15.000 45.000 45.000 16.500 45.000 45.000 18.000 45.000 45.000 19.500 45.000 45.000 21.000 45.000 45.000 22.500 45.000 45.000 24.000 45.000 45.000 25.500 45.000
86400.000 45.000 -1.500 45.000 45.000 0.000 45.000 45.000 1.491 45.000 45.000 2.994 45.000 45.000 4.496 45.000 45.000 5.998 45.000 45.000 7.498 45.000 45.000 8.996 45.000 45.000 10.491 45.000 45.000 11.979 45.000 45.000 13.456 45.000 45.000 14.915 45.000 45.000 16.344 45.000 45.000 17.729 45.000 45.000 19.051 45.000 45.000 20.290 45.000 45.000 21.440 45.000 45.000 22.590 45.000 45.000 23.740 45.000
172800.000 45.000 -1.500 45.000 45.000 0.000 45.000 45.000 1.488 45.000 45.000 2.986 45.000 45.000 4.483 45.000 45.000 5.977 45.000 45.000 7.465 45.000 45.000 8.945 45.000 45.000 10.413 45.000 45.000 11.864 45.000 45.000 13.293 45.000 45.000 14.690 45.000 45.000 16.049 45.000 45.000 17.358 45.000 45.000 18.608 45.000 45.000 19.787 45.000 45.000 20.904 45.000 45.000 22.022 45.000 45.000 23.140 45.000
259200.000 45.000 -1.500 45.000 45.000 0.000 45.000 45.000 1.478 45.000 45.000 2.966 45.000 45.000 4.450 45.000 45.000 5.927 45.000 45.000 7.395 45.000 45.000 8.850 45.000 45.000 10.288 45.000 45.000 11.703 45.000 45.000 13.091 45.000 45.000 14.445 45.000 45.000 15.758 45.000 45.000 17.025 45.000 45.000 18.238 45.000 45.000 19.389 45.000 45.000 20.492 45.000 45.000 21.595 45.000 45.000 22.698 45.000
345600.000 45.000 -1.500 45.000 45.000 0.000 45.000 45.000 1.462 45.000 45.000 2.933 45.000 45.000 4.399 45.000 45.000 5.857 45.000 45.000 7.302 45.000 45.000 8.732 45.000 45.000 10.141 45.000 45.000 11.526 45.000 45.000 12.883 45.000 45.000 14.205 45.000 45.000 15.488 45.000 45.000 16.726 45.000 45.000 17.915 45.000 45.000 19.049 45.000 45.000 20.143 45.000 45.000 21.237 45.000 45.000 22.331 45.000
432000.000 45.000 -1.500 45.000 45.000 0.000 45.000 45.000 1.442 45.000 45.000 2.893 45.000 45.000 4.339 45.000 45.000 5.775 45.000 45.000 7.198 45.000 45.000 8.604 45.000 45.000 9.988 45.000 45.000 11.348 45.000 45.000 12.678 45.000 45.000 13.976 45.000 45.000 15.235 45.000 45.000 16.453 45.000 45.000 17.626 45.000 45.000 18.747 45.000 45.000 19.835 45.000 45.000 20.923 45.000 45.000 22.012 45.000
518400.000 45.000 -1.500 45.000 45.000 0.000 45.000 45.000 1.420 45.000 45.000 2.851 45.000 45.000 4.275 45.000 45.000 5.690 45.000 45.000 7.090 45.000 45.000 8.473 45.000 45.000 9.836 45.000 45.000 11.173 45.000 45.000 12.482 45.000 45.000 13.759 45.000 45.000 15.000 45.000 45.000 16.202 45.000 45.000 17.361 45.000 45.000 18.473 45.000 45.000 19.557 45.000 45.000 20.641 45.000 45.000 21.724 45.000
604800.000 45.000 -1.500 45.000 45.000 0.000 45.000 45.000 1.398 45.000 45.000 2.807 45.000 45.000 4.211 45.000 45.000 5.604 45.000 45.000 6.983 45.000 45.000 8.345 45.000 45.000 9.687 45.000 45.000 11.005 45.000 45.000 12.295 45.000 45.000 13.555 45.000 45.000 14.780 45.000 45.000 15.969 45.000 45.000 17.118 45.000 45.000 18.222 45.000 45.000 19.302 45.000 45.000 20.382 45.000 45.000 21.462 45.000
691200.000 45.000 -1.500 45.000 45.000 0.000 45.000 45.000 1.376 45.000 45.000 2.765 45.000 45.000 4.147 45.000 45.000 5.520 45.000 45.000 6.879 45.000 45.000 8.222 45.000 45.000 9.545 45.000 45.000 10.845 45.000 45.000 12.118 45.000 45.000 13.362 45.000 45.000 14.574 45.000 45.000 15.751 45.000 45.000 16.891 45.000 45.000 17.989 45.000 45.000 19.066 45.000 45.000 20.143 45.000 45.000 21.220 45.000
777600.000 45.000 -1.500 45.000 45.000 0.000 45.000 45.000 1.355 45.000 45.000 2.723 45.000 45.000 4.086 45.000 45.000 5.439 45.000 45.000 6.780 45.000 45.000 8.104 45.000 45.000 9.409 45.000 45.000 10.692 45.000 45.000 11.951 45.000 45.000 13.181 45.000 45.000 14.381 45.000 45.000 15.548 45.000 45.000 16.679 45.000 45.000 17.772 45.000 45.000 18.846 45.000 45.000 19.920 45.000 45.000 20.995 45.000
864000.000 45.000 -1.500 45.000 45.000 0.000 45.000 45.000 1.335 45.000 45.000 2.684 45.000 45.000 4.028 45.000 45.000 5.363 45.000 45.000 6.685 45.000 45.000 7.992 45.000 45.000 9.281 45.000 45.000 10.549 45.000 45.000 11.793 45.000 45.000 13.010 45.000 45.000 14.199 45.000 45.000 15.357 45.000 45.000 16.481 45.000 45.000 17.569 45.000 45.000 18.641 45.000 45.000 19.713 45.000 45.000 20.784 45.000
950400.000 45.000 -1.500 45.000 45.000 0.000 45.000 45.000 1.316 45.000 45.000 2.646 45.000 45.000 3.972 45.000 45.000 5.290 45.000 45.000 6.595 45.000 45.000 7.886 45.000 45.000 9.159 45.000 45.000 10.413 45.000 45.000 11.644 45.000 45.000 12.850 45.000 45.000 14.028 45.000 45.000 15.178 45.000 45.000 16.295 45.000 45.000 17.378 45.000 45.000 18.448 45.000 45.000 19.518 45.000 45.000 20.588 45.000
1036800.000 45.000 -1.500 45.000 45.000 0.000 45.000 45.000 1.297 45.000 45.000 2.611 45.000 45.000 3.920 45.000 45.000 5.220 45.000 45.000 6.510 45.000 45.000 7.786 45.000 45.000 9.045 45.000 45.000 10.285 45.000 45.000 11.504 45.000 45.000 12.699 45.000 45.000 13.868 45.000 45.000 15.009 45.000 45.000 16.121 45.000 45.000 17.200 45.000 45.000 18.267 45.000 45.000 19.335 45.000 45.000 20.403 45.000
1123200.000 45.000 -1.500 45.000 45.000 0.000 45.000 45.000 1.280 45.000 45.000 2.577 45.000 45.000 3.870 45.000 45.000 5.155 45.000 45.000 6.430 45.000 45.000 7.691 45.000 45.000 8.936 45.000 45.000 10.164 45.000 45.000 11.371 45.000 45.000 12.556 45.000 45.000 13.716 45.000 45.000 14.850 45.000 45.000 15.957 45.000 45.000 17.032 45.000 45.000 18.097 45.000 45.000 19.163 45.000 45.000 20.229 45.000
1209600.000 45.000 -1.500 45.000 45.000 0.000 45.000 45.000 1.264 45.000 45.000 2.545 45.000 45.000 3.823 45.000 45.000 5.093 45.000 45.000 6.354 45.000 45.000 7.601 45.000 45.000 8.834 45.000 45.000 10.050 45.000 45.000 11.247 45.000 45.000 12.422 45.000 45.000 13.574 45.000 45.000 14.701 45.000 45.000 15.802 45.000 45.000 16.873 45.000 45.000 17.938 45.000 45.000 19.002 45.000 45.000 20.066 45.000
1296000.000 45.000 -1.500 45.000 45.000 0.000 45.000 45.000 1.248 45.000 45.000 2.515 45.000 45.000 3.779 45.000 45.000 5.035 45.000 45.000 6.282 45.000 45.000 7.517 45.000 45.000 8.738 45.000 45.000 9.943 45.000 45.000 11.129 45.000 45.000 12.296 45.000 45.000 13.440 45.000 45.000 14.561 45.000 45.000 15.657 45.000 45.000 16.725 45.000 45.000 17.787 45.000 45.000 18.850 45.000 45.000 19.912 45.000
1382400.000 45.000 -1.500 45.000 45.000 0.000 45.000 45.000 1.233 45.000 45.000 2.486 45.000 45.000 3.737 45.000 45.000 4.980 45.000 45.000 6.215 45.000 45.000 7.438 45.000 45.000 8.647 45.000 45.000 9.842 45.000 45.000 11.019 45.000 45.000 12.176 45.000 45.000 13.314 45.000 45.000 14.428 45.000 45.000 15.520 45.000 45.000 16.584 45.000 45.000 17.646 45.000 45.000 18.707 45.000 45.000 19.768 45.000
1468800.000 45.000 -1.500 45.000 45.000 0.000 45.000 45.000 1.220 45.000 45.000 2.460 45.000 45.000 3.697 45.000 45.000 4.928 45.000 45.000 6.151 45.000 45.000 7.363 45.000 45.000 8.562 45.000 45.000 9.746 45.000 45.000 10.914 45.000 45.000 12.064 45.000 45.000 13.194 45.000 45.000 14.304 45.000 45.000 15.390 45.000 45.000 16.452 45.000 45.000 17.512 45.000 45.000 18.572 45.000 45.000 19.631 45.000
1555200.000 45.000 -1.500 45.000 45.000 0.000 45.000 45.000 1.206 45.000 45.000 2.434 45.000 45.000 3.660 45.000 45.000 4.879 45.000 45.000 6.091 45.000 45.000 7.292 45.000 45.000 8.481 45.000 45.000 9.656 45.000 45.000 10.816 45.000 45.000 11.958 45.000 45.000 13.082 45.000 45.000 14.186 45.000 45.000 15.269 45.000 45.000 16.328 45.000 45.000 17.386 45.000 45.000 18.445 45.000 45.000 19.503 45.000
1641600.000 45.000 -1.500 45.000 45.000 0.000 45.000 45.000 1.194 45.000 45.000 2.410 45.000 45.000 3.625 45.000 45.000 4.833 45.000 45.000 6.034 45.000 45.000 7.225 45.000 45.000 8.404 45.000 45.000 9.571 45.000 45.000 10.723 45.000 45.000 11.858 45.000 45.000 12.976 45.000 45.000 14.075 45.000 45.000 15.154 45.000 45.000 16.211 45.000 45.000 17.268 45.000 45.000 18.325 45.000 45.000 19.382 45.000
1728000.000 45.000 -1.500 45.000 45.000 0.000 45.000 45.000 1.182 45.000 45.000 2.388 45.000 45.000 3.591 45.000 45.000 4.789 45.000 45.000 5.980 45.000 45.000 7.162 45.000 45.000 8.332 45.000 45.000 9.491 45.000 45.000 10.635 45.000 45.000 11.764 45.000 45.000 12.876 45.000 45.000 13.970 45.000 45.000 15.046 45.000 45.000 16.100 45.000 45.000 17.156 45.000 45.000 18.212 45.000 45.000 19.268 45.000
1814400.000 45.000 -1.500 45.000 45.000 0.000 45.000 45.000 1.171 45.000 45.000 2.366 45.000 45.000 3.560 45.000 45.000 4.748 45.000 45.000 5.929 45.000 45.000 7.102 45.000 45.000 8.264 45.000 45.000 9.415 45.000 45.000 10.552 45.000 45.000 11.675 45.000 45.000 12.782 45.000 45.000 13.871 45.000 45.000 14.943 45.000 45.000 15.995 45.000 45.000 17.050 45.000 45.000 18.105 45.000 45.000 19.160 45.000
1900800.000 45.000 -1.500 45.000 45.000 0.000 45.000 45.000 1.161 45.000 45.000 2.346 45.000 45.000 3.530 45.000 45.000 4.709 45.000 45.000 5.882 45.000 45.000 7.046 45.000 45.000 8.200 45.000 45.000 9.343 45.000 45.000 10.474 45.000 45.000 11.591 45.000 45.000 12.692 45.000 45.000 13.778 45.000 45.000 14.847 45.000 45.000 15.897 45.000 45.000 16.951 45.000 45.000 18.004 45.000 45.000 19.058 45.000
1987200.000 45.000 -1.500 45.000 45.000 0.000 45.000 45.000 1.151 45.000 45.000 2.327 45.000 45.000 3.502 45.000 45.000 4.672 45.000 45.000 5.836 45.000 45.000 6.992 45.000 45.000 8.139 45.000 45.000 9.276 45.000 45.000 10.400 45.000 45.000 11.511 45.000 45.000 12.608 45.000 45.000 13.690 45.000 45.000 14.756 45.000 45.000 15.804 45.000 45.000 16.857 45.000 45.000 17.909 45.000 45.000 18.962 45.000
2073600.000 45.000 -1.500 45.000 45.000 0.000 45.000 45.000 1.142 45.000 45.000 2.309 45.000 45.000 3.475 45.000 45.000 4.637 45.000 45.000 5.793 45.000 45.000 6.942 45.000 45.000 8.082 45.000 45.000 9.212 45.000 45.000 10.330 45.000 45.000 11.436 45.000 45.000 12.529 45.000 45.000 13.607 45.000 45.000 14.670 45.000 45.000 15.716 45.000 45.000 16.768 45.000 45.000 17.820 45.000 45.000 18.872 45.000
2160000.000 45.000 -1.500 45.000 45.000 0.000 45.000 45.000 1.133 45.000 45.000 2.292 45.000 45.000 3.450 45.000 45.000 4.604 45.000 45.000 5.753 45.000 45.000 6.895 45.000 45.000 8.028 45.000 45.000 9.151 45.000 45.000 10.264 45.000 45.000 11.365 45.000 45.000 12.454 45.000 45.000 13.528 45.000 45.000 14.589 45.000 45.000 15.633 45.000 45.000 16.684 45.000 45.000 17.735 45.000 45.000 18.786 45.000
2246400.000 45.000 -1.500 45.000 45.000 0.000 45.000 45.000 1.124 45.000 45.000 2.276 45.000 45.000 3.426 45.000 45.000 4.573 45.000 45.000 5.715 45.000 45.000 6.850 45.000 45.000 7.976 45.000 45.000 9.094 45.000 45.000 10.202 45.000 45.000 11.298 45.000 45.000 12.383 45.000 45.000 13.454 45.000 45.000 14.512 45.000 45.000 15.554 45.000 45.000 16.605 45.000 45.000 17.655 45.000 45.000 18.705 45.000
2332800.000 45.000 -1.500 45.000 45.000 0.000 45.000 45.000 1.116 45.000 45.000 2.260 45.000 45.000 3.404 45.000 45.000 4.544 45.000 45.000 5.679 45.000 45.000 6.807 45.000 45.000 7.928 45.000 45.000 9.040 45.000 45.000 10.143 45.000 45.000 11.235 45.000 45.000 12.316 45.000 45.000 13.384 45.000 45.000 14.439 45.000 45.000 15.480 45.000 45.000 16.530 45.000 45.000 17.579 45.000 45.000 18.629 45.000
2419200.000 45.000 -1.500 45.000 45.000 0.000 45.000 45.000 1.109 45.000 45.000 2.246 45.000 45.000 3.383 45.000 45.000 4.516 45.000 45.000 5.644 45.000 45.000 6.767 45.000 45.000 7.882 45.000 45.000 8.989 45.000 45.000 10.087 45.000 45.000 11.175 45.000 45.000 12.252 45.000 45.000 13.318 45.000 45.000 14.371 45.000 45.000 15.410 45.000 45.000 16.459 45.000 45.000 17.508 45.000 45.000 18.557 45.000
2505600.000 45.000 -1.500 45.000 45.000 0.000 45.000 45.000 1.102 45.000 45.000 2.232 45.000 45.000 3.362 45.000 45.000 4.490 45.000 45.000 5.612 45.000 45.000 6.729 45.000 45.000 7.839 45.000 45.000 8.941 45.000 45.000 10.034 45.000 45.000 11.118 45.000 45.000 12.192 45.000 45.000 13.255 45.000 45.000 14.306 45.000 45.000 15.344 45.000 45.000 16.392 45.000 45.000 17.440 45.000 45.000 18.489 45.000
2592000.000 45.000 -1.500 45.000 45.000 0.000 45.000 45.000 1.095 45.000 45.000 2.219 45.000 45.000 3.343 45.000 45.000 4.465 45.000 45.000 5.581 45.000 45.000 6.693 45.000 45.000 7.798 45.000 45.000 8.895 45.000 45.000 9.985 45.000 45.000 11.065 45.000 45.000 12.135 45.000 45.000 13.196 45.000 45.000 14.245 45.000 45.000 15.281 45.000 45.000 16.329 45.000 45.000 17.376 45.000 45.000 18.424 45.000
2678400.000 45.000 -1.500 45.000 45.000 0.000 45.000 45.000 1.089 45.000 45.000 2.207 45.000 45.000 3.325 45.000 45.000 4.441 45.000 45.000 5.552 45.000 45.000 6.659 45.000 45.000 7.759 45.000 45.000 8.852 45.000 45.000 9.937 45.000 45.000 11.014 45.000 45.000 12.082 45.000 45.000 13.139 45.000 45.000 14.187 45.000 45.000 15.222 45.000 45.000 16.269 45.000 45.000 17.316 45.000 45.000 18.363 45.000
2764800.000 45.000 -1.500 45.000 45.000 0.000 45.000 45.000 1.083 45.000 45.000 2.195 45.000 45.000 3.308 45.000 45.000 4.419 45.000 45.000 5.525 45.000 45.000 6.626 45.000 45.000 7.722 45.000 45.000 8.811 45.000 45.000 9.893 45.000 45.000 10.966 45.000 45.000 12.031 45.000 45.000 13.086 45.000 45.000 14.132 45.000 45.000 15.166 45.000 45.000 16.212 45.000 45.000 17.259 45.000 45.000 18.305 45.000
2851200.000 45.000 -1.500 45.000 45.000 0.000 45.000 45.000 1.077 45.000 45.000 2.184 45.000 45.000 3.292 45.000 45.000 4.397 45.000 45.000 5.499 45.000 45.000 6.596 45.000 45.000 7.687 45.000 45.000 8.772 45.000 45.000 9.851 45.000 45.000 10.921 45.000 45.000 11.983 45.000 45.000 13.036 45.000 45.000 14.080 45.000 45.000 15.113 45.000 45.000 16.159 45.000 45.000 17.205 45.000 45.000 18.251 45.000
2937600.000 45.000 -1.500 45.000 45.000 0.000 45.000 45.000 1.071 45.000 45.000 2.174 45.000 45.000 3.277 45.000 45.000 4.377 45.000 45.000 5.474 45.000 45.000 6.567 45.000 45.000 7.654 45.000 45.000 8.736 45.000 45.000 9.811 45.000 45.000 10.878 45.000 45.000 11.937 45.000 45.000 12.989 45.000 45.000 14.031 45.000 45.000 15.063 45.000 45.000 16.108 45.000 45.000 17.154 45.000 45.000 18.199 45.000
3024000.000 45.000 -1.500 45.000 45.000 0.000 45.000 45.000 1.066 45.000 45.000 2.164 45.000 45.000 3.262 45.000 45.000 4.358 45.000 45.000 5.451 45.000 45.000 6.540 45.000 45.000 7.623 45.000 45.000 8.701 45.000 45.000 9.773 45.000 45.000 10.837 45.000 45.000 11.894 45.000 45.000 12.944 45.000 45.000 13.985 45.000 45.000 15.015 45.000 45.000 16.060 45.000 45.000 17.105 45.000 45.000 18.150 45.000
3110400.000 45.000 -1.500 45.000 45.000 0.000 45.000 45.000 1.061 45.000 45.000 2.154 45.000 45.000 3.248 45.000 45.000 4.340 45.000 45.000 5.429 45.000 45.000 6.514 45.000 45.000 7.594 45.000 45.000 8.668 45.000 45.000 9.737 45.000 45.000 10.799 45.000 45.000 11.854 45.000 45.000 12.901 45.000 45.000 13.941 45.000 45.000 14.970 45.000 45.000 16.015 45.000 45.000 17.059 45.000 45.000 18.104 45.000
3196800.000 45.000 -1.500 45.000 45.000 0.000 45.000 45.000 1.057 45.000 45.000 2.145 45.000 45.000 3.235 45.000 45.000 4.323 45.000 45.000 5.408 45.000 45.000 6.489 45.000 45.000 7.566 45.000 45.000 8.637 45.000 45.000 9.703 45.000 45.000 10.762 45.000 45.000 11.815 45.000 45.000 12.861 45.000 45.000 13.899 45.000 45.000 14.928 45.000 45.000 15.972 45.000 45.000 17.016 45.000 45.000 18.060 45.000
3283200.000 45.000 -1.500 45.000 45.000 0.000 45.000 45.000 1.052 45.000 45.000 2.137 45.000 45.000 3.223 45.000 45.000 4.307 45.000 45.000 5.388 45.000 45.000 6.466 45.000 45.000 7.539 45.000 45.000 8.608 45.000 45.000 9.671 45.000 45.000 10.728 45.000 45.000 11.779 45.000 45.000 12.823 45.000 45.000 13.860 45.000 45.000 14.888 45.000 45.000 15.931 45.000 45.000 16.975 45.000 45.000 18.019 45.000
3369600.000 45.000 -1.500 45.000 45.000 0.000 45.000 45.000 1.048 45.000 45.000 2.129 45.000 45.000 3.211 45.000 45.000 4.292 45.000 45.000 5.370 45.000 45.000 6.444 45.000 45.000 7.514 45.000 45.000 8.580 45.000 45.000 9.640 45.000 45.000 10.695 45.000 45.000 11.744 45.000 45.000 12.786 45.000 45.000 13.822 45.000 45.000 14.849 45.000 45.000 15.893 45.000 45.000 16.936 45.000 45.000 17.980 45.000
3456000.000 45.000 -1.500 45.000 45.000 0.000 45.000 45.000 1.044 45.000 45.000 2.121 45.000 45.000 3.200 45.000 45.000 4.277 45.000 45.000 5.352 45.000 45.000 6.423 45.000 45.000 7.490 45.000 45.000 8.553 45.000 45.000 9.611 45.000 45.000 10.664 45.000 45.000 11.711 45.000 45.000 12.752 45.000 45.000 13.787 45.000 45.000 14.813 45.000 45.000 15.856 45.000 45.000 16.899 45.000 45.000 17.942 45.000
3542400.000 45.000 -1.500 45.000 45.000 0.000 45.000 45.000 1.041 45.000 45.000 2.114 45.000 45.000 3.190 45.000 45.000 4.264 45.000 45.000 5.335 45.000 45.000 6.403 45.000 45.000 7.468 45.000 45.000 8.528 45.000 45.000 9.584 45.000 45.000 10.635 45.000 45.000 11.680 45.000 45.000 12.720 45.000 45.000 13.753 45.000 45.000 14.779 45.000 45.000 15.822 45.000 45.000 16.865 45.000 45.000 17.907 45.000
3628800.000 45.000 -1.500 45.000 45.000 0.000 45.000 45.000 1.037 45.000 45.000 2.107 45.000 45.000 3.180 45.000 45.000 4.251 45.000 45.000 5.319 45.000 45.000 6.384 45.000 45.000 7.446 45.000 45.000 8.505 45.000 45.000 9.558 45.000 45.000 10.607 45.000 45.000 11.651 45.000 45.000 12.689 45.000 45.000 13.722 45.000 45.000 14.747 45.000 45.000 15.789 45.000 45.000 16.832 45.000 45.000 17.874 45.000
0.000 45.000 -1.500 45.000 45.000 0.000 45.000 45.000 1.500 45.000 45.000 3.000 45.000 45.000 4.500 45.000 45.000 6.000 45.000 45.000 7.500 45.000 45.000 9.000 45.000 45.000 10.500 45.000 45.000 12.000 45.000 45.000 13.500 45.000 45.000 15.000 45.000 45.000 16.500 45.000 45.000 18.000 45.000 45.000 19.500 45.000 45.000 21.000 45.000 45.000 22.500 45.000 45.000 24.000 45.000 45.000 25.500 45.000
86400.000 45.000 -1.500 45.000 45.000 0.000 45.000 45.000 1.491 45.000 45.000 2.994 45.000 45.000 4.496 45.000 45.000 5.998 45.000 45.000 7.498 45.000 45.000 8.996 45.000 45.000 10.491 45.000 45.000 11.979 45.000 45.000 13.456 45.000 45.000 14.915 45.000 45.000 16.344 45.000 45.000 17.729 45.000 45.000 19.051 45.000 45.000 20.290 45.000 45.000 21.440 45.000 45.000 22.590 45.000 45.000 23.740 45.000
172800.000 45.000 -1.500 45.000 45.000 0.000 45.000 45.000 1.488 45.000 45.000 2.986 45.000 45.000 4.483 45.000 45.000 5.977 45.000 45.000 7.465 45.000 45.000 8.945 45.000 45.000 10.413 45.000 45.000 11.864 45.000 45.000 13.293 45.000 45.000 14.690 45.000 45.000 16.049 45.000 45.000 17.358 45.000 45.000 18.608 45.000 45.000 19.787 45.000 45.000 20.904 45.000 45.000 22.022 45.000 45.000 23.140 45.000
