0.000 0.001 0.001 0.001 0.001 0.001 0.001 0.001 0.001 0.001 0.001 0.001 0.001 0.001 0.001 0.001 0.001 0.001 0.001 0.001 0.001 0.001 0.001 0.001 0.001 0.001 0.001 0.001 0.001 0.001 0.001 0.001 0.001 0.001 0.001 0.001 0.001 0.001 0.001 0.001 0.001 0.001 0.001 0.001 0.001 0.001 0.001 0.001 0.001 0.001 0.001 0.001 0.001 0.051 0.001 0.001 0.001 0.001
86400.000 0.001 0.001 0.001 0.001 0.463 0.001 0.001 0.499 0.001 0.001 0.501 0.001 0.001 0.501 0.001 0.001 0.501 0.001 0.001 0.501 0.001 0.001 0.502 0.001 0.001 0.502 0.001 0.001 0.502 0.001 0.001 0.504 0.001 0.001 0.505 0.001 0.001 0.508 0.001 0.001 0.513 0.001 0.001 0.520 0.001 0.001 0.530 0.001 0.001 0.541 0.001 0.001 0.593 0.001 0.001 0.001 0.001
172800.000 0.001 0.001 0.001 0.001 0.463 0.001 0.001 0.499 0.001 0.001 0.501 0.001 0.001 0.502 0.001 0.001 0.502 0.001 0.001 0.502 0.001 0.001 0.503 0.001 0.001 0.504 0.001 0.001 0.506 0.001 0.001 0.509 0.001 0.001 0.512 0.001 0.001 0.516 0.001 0.001 0.522 0.001 0.001 0.529 0.001 0.001 0.538 0.001 0.001 0.546 0.001 0.001 0.599 0.001 0.001 0.001 0.001
259200.000 0.001 0.001 0.001 0.001 0.463 0.001 0.001 0.500 0.001 0.001 0.502 0.001 0.001 0.503 0.001 0.001 0.504 0.001 0.001 0.505 0.001 0.001 0.506 0.001 0.001 0.508 0.001 0.001 0.510 0.001 0.001 0.513 0.001 0.001 0.517 0.001 0.001 0.521 0.001 0.001 0.527 0.001 0.001 0.534 0.001 0.001 0.542 0.001 0.001 0.549 0.001 0.001 0.602 0.001 0.001 0.001 0.001
345600.000 0.001 0.001 0.001 0.001 0.463 0.001 0.001 0.501 0.001 0.001 0.504 0.001 0.001 0.505 0.001 0.001 0.506 0.001 0.001 0.507 0.001 0.001 0.508 0.001 0.001 0.511 0.001 0.001 0.513 0.001 0.001 0.516 0.001 0.001 0.520 0.001 0.001 0.525 0.001 0.001 0.530 0.001 0.001 0.537 0.001 0.001 0.544 0.001 0.001 0.550 0.001 0.001 0.603 0.001 0.001 0.001 0.001
432000.000 0.001 0.001 0.001 0.001 0.463 0.001 0.001 0.503 0.001 0.001 0.506 0.001 0.001 0.507 0.001 0.001 0.508 0.001 0.001 0.509 0.001 0.001 0.511 0.001 0.001 0.513 0.001 0.001 0.516 0.001 0.001 0.519 0.001 0.001 0.523 0.001 0.001 0.528 0.001 0.001 0.533 0.001 0.001 0.539 0.001 0.001 0.546 0.001 0.001 0.551 0.001 0.001 0.605 0.001 0.001 0.001 0.001
518400.000 0.001 0.001 0.001 0.001 0.463 0.001 0.001 0.505 0.001 0.001 0.508 0.001 0.001 0.509 0.001 0.001 0.510 0.001 0.001 0.512 0.001 0.001 0.514 0.001 0.001 0.516 0.001 0.001 0.519 0.001 0.001 0.522 0.001 0.001 0.526 0.001 0.001 0.530 0.001 0.001 0.535 0.001 0.001 0.541 0.001 0.001 0.547 0.001 0.001 0.552 0.001 0.001 0.605 0.001 0.001 0.001 0.001
604800.000 0.001 0.001 0.001 0.001 0.463 0.001 0.001 0.507 0.001 0.001 0.511 0.001 0.001 0.511 0.001 0.001 0.512 0.001 0.001 0.514 0.001 0.001 0.516 0.001 0.001 0.518 0.001 0.001 0.521 0.001 0.001 0.524 0.001 0.001 0.528 0.001 0.001 0.532 0.001 0.001 0.537 0.001 0.001 0.542 0.001 0.001 0.549 0.001 0.001 0.553 0.001 0.001 0.606 0.001 0.001 0.001 0.001
691200.000 0.001 0.001 0.001 0.001 0.463 0.001 0.001 0.509 0.001 0.001 0.513 0.001 0.001 0.514 0.001 0.001 0.515 0.001 0.001 0.516 0.001 0.001 0.518 0.001 0.001 0.520 0.001 0.001 0.523 0.001 0.001 0.526 0.001 0.001 0.530 0.001 0.001 0.534 0.001 0.001 0.539 0.001 0.001 0.544 0.001 0.001 0.550 0.001 0.001 0.553 0.001 0.001 0.607 0.001 0.001 0.001 0.001
777600.000 0.001 0.001 0.001 0.001 0.463 0.001 0.001 0.511 0.001 0.001 0.515 0.001 0.001 0.516 0.001 0.001 0.517 0.001 0.001 0.518 0.001 0.001 0.520 0.001 0.001 0.522 0.001 0.001 0.525 0.001 0.001 0.528 0.001 0.001 0.532 0.001 0.001 0.536 0.001 0.001 0.540 0.001 0.001 0.545 0.001 0.001 0.551 0.001 0.001 0.554 0.001 0.001 0.607 0.001 0.001 0.001 0.001
864000.000 0.001 0.001 0.001 0.001 0.463 0.001 0.001 0.513 0.001 0.001 0.517 0.001 0.001 0.518 0.001 0.001 0.519 0.001 0.001 0.521 0.001 0.001 0.522 0.001 0.001 0.524 0.001 0.001 0.527 0.001 0.001 0.530 0.001 0.001 0.533 0.001 0.001 0.537 0.001 0.001 0.541 0.001 0.001 0.546 0.001 0.001 0.551 0.001 0.001 0.554 0.001 0.001 0.608 0.001 0.001 0.001 0.001
950400.000 0.001 0.001 0.001 0.001 0.463 0.001 0.001 0.515 0.001 0.001 0.519 0.001 0.001 0.520 0.001 0.001 0.521 0.001 0.001 0.523 0.001 0.001 0.524 0.001 0.001 0.526 0.001 0.001 0.529 0.001 0.001 0.532 0.001 0.001 0.535 0.001 0.001 0.538 0.001 0.001 0.543 0.001 0.001 0.547 0.001 0.001 0.552 0.001 0.001 0.555 0.001 0.001 0.608 0.001 0.001 0.001 0.001
1036800.000 0.001 0.001 0.001 0.001 0.463 0.001 0.001 0.517 0.001 0.001 0.521 0.001 0.001 0.522 0.001 0.001 0.523 0.001 0.001 0.524 0.001 0.001 0.526 0.001 0.001 0.528 0.001 0.001 0.531 0.001 0.001 0.533 0.001 0.001 0.536 0.001 0.001 0.540 0.001 0.001 0.544 0.001 0.001 0.548 0.001 0.001 0.553 0.001 0.001 0.555 0.001 0.001 0.609 0.001 0.001 0.001 0.001
1123200.000 0.001 0.001 0.001 0.001 0.463 0.001 0.001 0.519 0.001 0.001 0.523 0.001 0.001 0.524 0.001 0.001 0.525 0.001 0.001 0.526 0.001 0.001 0.528 0.001 0.001 0.530 0.001 0.001 0.532 0.001 0.001 0.535 0.001 0.001 0.538 0.001 0.001 0.541 0.001 0.001 0.545 0.001 0.001 0.549 0.001 0.001 0.553 0.001 0.001 0.555 0.001 0.001 0.609 0.001 0.001 0.001 0.001
1209600.000 0.001 0.001 0.001 0.001 0.463 0.001 0.001 0.521 0.001 0.001 0.525 0.001 0.001 0.526 0.001 0.001 0.527 0.001 0.001 0.528 0.001 0.001 0.530 0.001 0.001 0.532 0.001 0.001 0.534 0.001 0.001 0.536 0.001 0.001 0.539 0.001 0.001 0.542 0.001 0.001 0.546 0.001 0.001 0.550 0.001 0.001 0.554 0.001 0.001 0.556 0.001 0.001 0.609 0.001 0.001 0.001 0.001
1296000.000 0.001 0.001 0.001 0.001 0.463 0.001 0.001 0.522 0.001 0.001 0.527 0.001 0.001 0.528 0.001 0.001 0.529 0.001 0.001 0.530 0.001 0.001 0.531 0.001 0.001 0.533 0.001 0.001 0.535 0.001 0.001 0.538 0.001 0.001 0.540 0.001 0.001 0.543 0.001 0.001 0.547 0.001 0.001 0.550 0.001 0.001 0.555 0.001 0.001 0.556 0.001 0.001 0.610 0.001 0.001 0.001 0.001
1382400.000 0.001 0.001 0.001 0.001 0.463 0.001 0.001 0.524 0.001 0.001 0.529 0.001 0.001 0.529 0.001 0.001 0.530 0.001 0.001 0.531 0.001 0.001 0.533 0.001 0.001 0.535 0.001 0.001 0.537 0.001 0.001 0.539 0.001 0.001 0.541 0.001 0.001 0.544 0.001 0.001 0.548 0.001 0.001 0.551 0.001 0.001 0.555 0.001 0.001 0.556 0.001 0.001 0.610 0.001 0.001 0.001 0.001
1468800.000 0.001 0.001 0.001 0.001 0.463 0.001 0.001 0.526 0.001 0.001 0.530 0.001 0.001 0.531 0.001 0.001 0.532 0.001 0.001 0.533 0.001 0.001 0.534 0.001 0.001 0.536 0.001 0.001 0.538 0.001 0.001 0.540 0.001 0.001 0.543 0.001 0.001 0.545 0.001 0.001 0.548 0.001 0.001 0.552 0.001 0.001 0.556 0.001 0.001 0.556 0.001 0.001 0.610 0.001 0.001 0.001 0.001
1555200.000 0.001 0.001 0.001 0.001 0.463 0.001 0.001 0.527 0.001 0.001 0.532 0.001 0.001 0.533 0.001 0.001 0.533 0.001 0.001 0.534 0.001 0.001 0.536 0.001 0.001 0.537 0.001 0.001 0.539 0.001 0.001 0.541 0.001 0.001 0.544 0.001 0.001 0.546 0.001 0.001 0.549 0.001 0.001 0.552 0.001 0.001 0.556 0.001 0.001 0.557 0.001 0.001 0.610 0.001 0.001 0.001 0.001
1641600.000 0.001 0.001 0.001 0.001 0.463 0.001 0.001 0.528 0.001 0.001 0.533 0.001 0.001 0.534 0.001 0.001 0.535 0.001 0.001 0.536 0.001 0.001 0.537 0.001 0.001 0.539 0.001 0.001 0.540 0.001 0.001 0.542 0.001 0.001 0.545 0.001 0.001 0.547 0.001 0.001 0.550 0.001 0.001 0.553 0.001 0.001 0.556 0.001 0.001 0.557 0.001 0.001 0.611 0.001 0.001 0.001 0.001
1728000.000 0.001 0.001 0.001 0.001 0.463 0.001 0.001 0.530 0.001 0.001 0.535 0.001 0.001 0.535 0.001 0.001 0.536 0.001 0.001 0.537 0.001 0.001 0.538 0.001 0.001 0.540 0.001 0.001 0.542 0.001 0.001 0.544 0.001 0.001 0.546 0.001 0.001 0.548 0.001 0.001 0.551 0.001 0.001 0.554 0.001 0.001 0.557 0.001 0.001 0.557 0.001 0.001 0.611 0.001 0.001 0.001 0.001
1814400.000 0.001 0.001 0.001 0.001 0.463 0.001 0.001 0.531 0.001 0.001 0.536 0.001 0.001 0.537 0.001 0.001 0.538 0.001 0.001 0.538 0.001 0.001 0.540 0.001 0.001 0.541 0.001 0.001 0.543 0.001 0.001 0.545 0.001 0.001 0.547 0.001 0.001 0.549 0.001 0.001 0.551 0.001 0.001 0.554 0.001 0.001 0.557 0.001 0.001 0.557 0.001 0.001 0.611 0.001 0.001 0.001 0.001
1900800.000 0.001 0.001 0.001 0.001 0.463 0.001 0.001 0.532 0.001 0.001 0.537 0.001 0.001 0.538 0.001 0.001 0.539 0.001 0.001 0.540 0.001 0.001 0.541 0.001 0.001 0.542 0.001 0.001 0.544 0.001 0.001 0.545 0.001 0.001 0.547 0.001 0.001 0.550 0.001 0.001 0.552 0.001 0.001 0.555 0.001 0.001 0.558 0.001 0.001 0.557 0.001 0.001 0.611 0.001 0.001 0.001 0.001
1987200.000 0.001 0.001 0.001 0.001 0.463 0.001 0.001 0.533 0.001 0.001 0.539 0.001 0.001 0.539 0.001 0.001 0.540 0.001 0.001 0.541 0.001 0.001 0.542 0.001 0.001 0.543 0.001 0.001 0.545 0.001 0.001 0.546 0.001 0.001 0.548 0.001 0.001 0.550 0.001 0.001 0.553 0.001 0.001 0.555 0.001 0.001 0.558 0.001 0.001 0.558 0.001 0.001 0.612 0.001 0.001 0.001 0.001
2073600.000 0.001 0.001 0.001 0.001 0.463 0.001 0.001 0.534 0.001 0.001 0.540 0.001 0.001 0.541 0.001 0.001 0.541 0.001 0.001 0.542 0.001 0.001 0.543 0.001 0.001 0.544 0.001 0.001 0.546 0.001 0.001 0.547 0.001 0.001 0.549 0.001 0.001 0.551 0.001 0.001 0.553 0.001 0.001 0.556 0.001 0.001 0.558 0.001 0.001 0.558 0.001 0.001 0.612 0.001 0.001 0.001 0.001
2160000.000 0.001 0.001 0.001 0.001 0.463 0.001 0.001 0.535 0.001 0.001 0.541 0.001 0.001 0.542 0.001 0.001 0.542 0.001 0.001 0.543 0.001 0.001 0.544 0.001 0.001 0.545 0.001 0.001 0.547 0.001 0.001 0.548 0.001 0.001 0.550 0.001 0.001 0.552 0.001 0.001 0.554 0.001 0.001 0.556 0.001 0.001 0.559 0.001 0.001 0.558 0.001 0.001 0.612 0.001 0.001 0.001 0.001
2246400.000 0.001 0.001 0.001 0.001 0.463 0.001 0.001 0.536 0.001 0.001 0.542 0.001 0.001 0.543 0.001 0.001 0.543 0.001 0.001 0.544 0.001 0.001 0.545 0.001 0.001 0.546 0.001 0.001 0.547 0.001 0.001 0.549 0.001 0.001 0.551 0.001 0.001 0.552 0.001 0.001 0.554 0.001 0.001 0.556 0.001 0.001 0.559 0.001 0.001 0.558 0.001 0.001 0.612 0.001 0.001 0.001 0.001
2332800.000 0.001 0.001 0.001 0.001 0.463 0.001 0.001 0.537 0.001 0.001 0.543 0.001 0.001 0.544 0.001 0.001 0.544 0.001 0.001 0.545 0.001 0.001 0.546 0.001 0.001 0.547 0.001 0.001 0.548 0.001 0.001 0.550 0.001 0.001 0.551 0.001 0.001 0.553 0.001 0.001 0.555 0.001 0.001 0.557 0.001 0.001 0.559 0.001 0.001 0.558 0.001 0.001 0.612 0.001 0.001 0.001 0.001
2419200.000 0.001 0.001 0.001 0.001 0.463 0.001 0.001 0.538 0.001 0.001 0.544 0.001 0.001 0.545 0.001 0.001 0.545 0.001 0.001 0.546 0.001 0.001 0.547 0.001 0.001 0.548 0.001 0.001 0.549 0.001 0.001 0.550 0.001 0.001 0.552 0.001 0.001 0.554 0.001 0.001 0.555 0.001 0.001 0.557 0.001 0.001 0.559 0.001 0.001 0.558 0.001 0.001 0.612 0.001 0.001 0.001 0.001
2505600.000 0.001 0.001 0.001 0.001 0.463 0.001 0.001 0.539 0.001 0.001 0.545 0.001 0.001 0.546 0.001 0.001 0.546 0.001 0.001 0.547 0.001 0.001 0.548 0.001 0.001 0.549 0.001 0.001 0.550 0.001 0.001 0.551 0.001 0.001 0.552 0.001 0.001 0.554 0.001 0.001 0.556 0.001 0.001 0.558 0.001 0.001 0.560 0.001 0.001 0.558 0.001 0.001 0.613 0.001 0.001 0.001 0.001
2592000.000 0.001 0.001 0.001 0.001 0.463 0.001 0.001 0.540 0.001 0.001 0.546 0.001 0.001 0.547 0.001 0.001 0.547 0.001 0.001 0.548 0.001 0.001 0.548 0.001 0.001 0.549 0.001 0.001 0.550 0.001 0.001 0.552 0.001 0.001 0.553 0.001 0.001 0.555 0.001 0.001 0.556 0.001 0.001 0.558 0.001 0.001 0.560 0.001 0.001 0.559 0.001 0.001 0.613 0.001 0.001 0.001 0.001
2678400.000 0.001 0.001 0.001 0.001 0.463 0.001 0.001 0.541 0.001 0.001 0.547 0.001 0.001 0.547 0.001 0.001 0.548 0.001 0.001 0.548 0.001 0.001 0.549 0.001 0.001 0.550 0.001 0.001 0.551 0.001 0.001 0.552 0.001 0.001 0.554 0.001 0.001 0.555 0.001 0.001 0.557 0.001 0.001 0.558 0.001 0.001 0.560 0.001 0.001 0.559 0.001 0.001 0.613 0.001 0.001 0.001 0.001
2764800.000 0.001 0.001 0.001 0.001 0.463 0.001 0.001 0.541 0.001 0.001 0.548 0.001 0.001 0.548 0.001 0.001 0.549 0.001 0.001 0.549 0.001 0.001 0.550 0.001 0.001 0.551 0.001 0.001 0.552 0.001 0.001 0.553 0.001 0.001 0.554 0.001 0.001 0.555 0.001 0.001 0.557 0.001 0.001 0.558 0.001 0.001 0.560 0.001 0.001 0.559 0.001 0.001 0.613 0.001 0.001 0.001 0.001
2851200.000 0.001 0.001 0.001 0.001 0.463 0.001 0.001 0.542 0.001 0.001 0.548 0.001 0.001 0.549 0.001 0.001 0.549 0.001 0.001 0.550 0.001 0.001 0.551 0.001 0.001 0.551 0.001 0.001 0.552 0.001 0.001 0.553 0.001 0.001 0.555 0.001 0.001 0.556 0.001 0.001 0.557 0.001 0.001 0.559 0.001 0.001 0.560 0.001 0.001 0.559 0.001 0.001 0.613 0.001 0.001 0.001 0.001
2937600.000 0.001 0.001 0.001 0.001 0.463 0.001 0.001 0.543 0.001 0.001 0.549 0.001 0.001 0.550 0.001 0.001 0.550 0.001 0.001 0.551 0.001 0.001 0.551 0.001 0.001 0.552 0.001 0.001 0.553 0.001 0.001 0.554 0.001 0.001 0.555 0.001 0.001 0.556 0.001 0.001 0.558 0.001 0.001 0.559 0.001 0.001 0.561 0.001 0.001 0.559 0.001 0.001 0.613 0.001 0.001 0.001 0.001
3024000.000 0.001 0.001 0.001 0.001 0.463 0.001 0.001 0.543 0.001 0.001 0.550 0.001 0.001 0.550 0.001 0.001 0.551 0.001 0.001 0.551 0.001 0.001 0.552 0.001 0.001 0.553 0.001 0.001 0.553 0.001 0.001 0.554 0.001 0.001 0.556 0.001 0.001 0.557 0.001 0.001 0.558 0.001 0.001 0.559 0.001 0.001 0.561 0.001 0.001 0.559 0.001 0.001 0.613 0.001 0.001 0.001 0.001
3110400.000 0.001 0.001 0.001 0.001 0.463 0.001 0.001 0.544 0.001 0.001 0.550 0.001 0.001 0.551 0.001 0.001 0.551 0.001 0.001 0.552 0.001 0.001 0.552 0.001 0.001 0.553 0.001 0.001 0.554 0.001 0.001 0.555 0.001 0.001 0.556 0.001 0.001 0.557 0.001 0.001 0.558 0.001 0.001 0.559 0.001 0.001 0.561 0.001 0.001 0.559 0.001 0.001 0.613 0.001 0.001 0.001 0.001
3196800.000 0.001 0.001 0.001 0.001 0.463 0.001 0.001 0.545 0.001 0.001 0.551 0.001 0.001 0.552 0.001 0.001 0.552 0.001 0.001 0.552 0.001 0.001 0.553 0.001 0.001 0.554 0.001 0.001 0.555 0.001 0.001 0.555 0.001 0.001 0.556 0.001 0.001 0.557 0.001 0.001 0.559 0.001 0.001 0.560 0.001 0.001 0.561 0.001 0.001 0.559 0.001 0.001 0.613 0.001 0.001 0.001 0.001
3283200.000 0.001 0.001 0.001 0.001 0.463 0.001 0.001 0.545 0.001 0.001 0.552 0.001 0.001 0.552 0.001 0.001 0.553 0.001 0.001 0.553 0.001 0.001 0.554 0.001 0.001 0.554 0.001 0.001 0.555 0.001 0.001 0.556 0.001 0.001 0.557 0.001 0.001 0.558 0.001 0.001 0.559 0.001 0.001 0.560 0.001 0.001 0.561 0.001 0.001 0.559 0.001 0.001 0.613 0.001 0.001 0.001 0.001
3369600.000 0.001 0.001 0.001 0.001 0.463 0.001 0.001 0.546 0.001 0.001 0.552 0.001 0.001 0.553 0.001 0.001 0.553 0.001 0.001 0.554 0.001 0.001 0.554 0.001 0.001 0.555 0.001 0.001 0.555 0.001 0.001 0.556 0.001 0.001 0.557 0.001 0.001 0.558 0.001 0.001 0.559 0.001 0.001 0.560 0.001 0.001 0.561 0.001 0.001 0.559 0.001 0.001 0.614 0.001 0.001 0.001 0.001
3456000.000 0.001 0.001 0.001 0.001 0.463 0.001 0.001 0.546 0.001 0.001 0.553 0.001 0.001 0.553 0.001 0.001 0.554 0.001 0.001 0.554 0.001 0.001 0.555 0.001 0.001 0.555 0.001 0.001 0.556 0.001 0.001 0.557 0.001 0.001 0.557 0.001 0.001 0.558 0.001 0.001 0.559 0.001 0.001 0.560 0.001 0.001 0.562 0.001 0.001 0.559 0.001 0.001 0.614 0.001 0.001 0.001 0.001
3542400.000 0.001 0.001 0.001 0.001 0.463 0.001 0.001 0.547 0.001 0.001 0.553 0.001 0.001 0.554 0.001 0.001 0.554 0.001 0.001 0.555 0.001 0.001 0.555 0.001 0.001 0.556 0.001 0.001 0.556 0.001 0.001 0.557 0.001 0.001 0.558 0.001 0.001 0.559 0.001 0.001 0.560 0.001 0.001 0.560 0.001 0.001 0.562 0.001 0.001 0.560 0.001 0.001 0.614 0.001 0.001 0.001 0.001
3628800.000 0.001 0.001 0.001 0.001 0.463 0.001 0.001 0.547 0.001 0.001 0.554 0.001 0.001 0.554 0.001 0.001 0.555 0.001 0.001 0.555 0.001 0.001 0.555 0.001 0.001 0.556 0.001 0.001 0.557 0.001 0.001 0.557 0.001 0.001 0.558 0.001 0.001 0.559 0.001 0.001 0.560 0.001 0.001 0.561 0.001 0.001 0.562 0.001 0.001 0.560 0.001 0.001 0.614 0.001 0.001 0.001 0.001
0.000 0.001 0.001 0.001 0.001 0.001 0.001 0.001 0.001 0.001 0.001 0.001 0.001 0.001 0.001 0.001 0.001 0.001 0.001 0.001 0.001 0.001 0.001 0.001 0.001 0.001 0.001 0.001 0.001 0.001 0.001 0.001 0.001 0.001 0.001 0.001 0.001 0.001 0.001 0.001 0.001 0.001 0.001 0.001 0.001 0.001 0.001 0.001 0.001 0.001 0.001 0.001 0.001 0.051 0.001 0.001 0.001 0.001
86400.000 0.001 0.001 0.001 0.001 0.463 0.001 0.001 0.499 0.001 0.001 0.501 0.001 0.001 0.501 0.001 0.001 0.501 0.001 0.001 0.501 0.001 0.001 0.502 0.001 0.001 0.502 0.001 0.001 0.502 0.001 0.001 0.504 0.001 0.001 0.505 0.001 0.001 0.508 0.001 0.001 0.513 0.001 0.001 0.520 0.001 0.001 0.530 0.001 0.001 0.541 0.001 0.001 0.593 0.001 0.001 0.001 0.001
172800.000 0.001 0.001 0.001 0.001 0.463 0.001 0.001 0.499 0.001 0.001 0.501 0.001 0.001 0.502 0.001 0.001 0.502 0.001 0.001 0.502 0.001 0.001 0.503 0.001 0.001 0.504 0.001 0.001 0.506 0.001 0.001 0.509 0.001 0.001 0.512 0.001 0.001 0.516 0.001 0.001 0.522 0.001 0.001 0.529 0.001 0.001 0.538 0.001 0.001 0.546 0.001 0.001 0.599 0.001 0.001 0.001 0.001
